-0.002761
-0.096324
0.113705
0.257297
-0.058314
-0.126050
0.207430
0.172669
-0.219937
-0.156100
0.223998
0.113705
-0.211003
-0.046781
0.202069
-0.014457
-0.162760
0.109156
0.187125
-0.159349
-0.137745
0.250475
0.107532
-0.246901
-0.037360
0.265906
0.021766
-0.163897
0.141968
0.231145
-0.107532
-0.140182
0.191511
0.164059
-0.099898
-0.005848
0.256648
0.104283
-0.146679
0.058802
0.198333
-0.037685
-0.111593
0.112730
0.121339
-0.106395
-0.062700
0.138395
-0.024040
-0.249013
0.018842
0.209541
-0.069685
-0.166009
0.143755
0.170557
-0.230008
-0.127999
0.326332
0.132547
-0.256323
-0.012345
0.301967
-0.037847
-0.371652
0.013645
0.321784
-0.083654
-0.197034
0.243815
0.179491
-0.189562
-0.009421
0.204181
-0.136446
-0.203531
0.215876
0.129298
-0.264932
-0.034436
0.282150
-0.086903
-0.326657
0.152689
0.282962
-0.298718
-0.279551
0.328119
0.190049
-0.262820
0.000487
0.322434
0.032162
-0.170394
0.138070
0.212303
-0.183227
-0.197684
0.215551
0.087715
-0.191024
0.090964
0.306353
0.108832
-0.108507
0.024365
0.172344
-0.004548
-0.136608
0.027776
0.129298
-0.002924
-0.064324
-0.015756
0.013807
0.000162
-0.071471
-0.177866
-0.012020
0.213765
0.027289
-0.150415
0.087877
0.282637
0.029726
-0.102497
0.174780
0.284749
-0.027939
-0.170070
0.075857
0.135471
-0.056203
-0.083167
0.106395
0.041746
-0.110943
0.015756
0.045157
-0.141481
-0.159349
0.055878
0.051817
-0.073583
0.057340
0.201257
0.019330
-0.076669
0.090801
0.040284
-0.052954
0.004061
0.139694
0.109481
-0.121989
-0.050030
0.131085
-0.035736
-0.171207
0.006660
0.055878
-0.019492
-0.000162
0.014132
-0.020792
-0.005523
0.077969
0.002924
-0.048081
0.115654
0.113867
-0.167308
-0.087065
0.231795
0.045969
-0.167795
0.076345
0.216688
0.019655
-0.000325
0.071471
-0.054091
-0.112568
0.044832
0.060426
-0.106557
0.050842
0.180790
-0.063999
-0.159999
0.125237
0.171856
-0.152039
-0.061725
0.296282
0.117603
-0.224160
0.006985
0.256810
-0.012183
-0.145379
0.184039
0.237480
-0.085116
-0.040284
0.190536
-0.002761
-0.196709
-0.014619
0.094212
-0.050030
-0.075207
0.059126
-0.046132
-0.178841
-0.008771
0.067898
-0.094212
-0.061076
0.095999
0.016081
-0.019817
0.115816
0.025502
-0.148791
0.027127
0.195734
-0.025827
-0.123126
0.156750
0.206130
-0.118090
-0.129948
0.100222
0.014944
-0.089989
0.003249
0.019980
-0.080568
-0.041259
0.055715
0.049218
0.013482
0.013482
0.103634
0.124913
0.026314
-0.029076
0.078619
0.138882
0.034111
0.001624
0.059614
0.091451
0.091451
0.016731
-0.086415
-0.089177
-0.027127
0.046944
0.013320
-0.031188
0.093563
0.097136
0.015269
0.085441
0.034599
-0.084304
0.090964
0.225622
-0.041096
-0.144567
0.142456
0.145055
-0.170882
-0.111268
0.200607
0.117116
-0.136608
-0.023878
0.084791
-0.145217
-0.153014
0.155938
0.125237
-0.144405
0.001462
0.207917
-0.027289
-0.214090
-0.057664
0.022416
-0.046294
-0.042071
-0.040771
-0.003411
0.079106
0.056203
-0.065299
-0.051167
0.100385
0.109806
-0.008447
-0.005848
0.089177
-0.003898
-0.066761
0.026152
-0.046781
-0.110293
0.081218
0.122639
-0.119227
-0.137095
0.081705
0.105745
-0.073421
-0.024203
0.211003
0.210029
0.031025
-0.025827
0.111593
0.137095
-0.045969
-0.140344
0.014457
0.130111
0.017705
0.012995
0.146679
0.024040
-0.148628
0.082355
0.268993
0.024853
-0.138720
0.169420
0.272079
-0.083817
-0.131897
0.080243
0.122476
-0.021604
-0.093075
-0.010233
0.048081
0.016568
-0.084141
-0.117116
-0.046619
0.116628
0.151552
0.024528
-0.080243
0.045482
0.210191
-0.065299
-0.216201
0.036873
0.182252
0.036385
-0.108994
-0.030700
0.059451
-0.001299
-0.105096
-0.059776
-0.017056
0.077319
0.130923
-0.025177
-0.032974
0.078294
0.052142
-0.067248
-0.028426
0.110293
0.037360
-0.167633
-0.102497
0.063512
-0.070172
-0.179816
0.042071
0.226759
0.019980
-0.087553
0.143918
0.193135
0.018030
-0.046294
0.007797
0.086415
0.146516
0.074233
-0.035248
-0.021604
0.057827
-0.027127
-0.118415
0.038010
0.082842
-0.029563
-0.000650
0.076832
-0.080405
-0.079106
0.180141
0.043208
-0.140831
0.070659
0.234069
-0.010558
-0.143918
0.117441
0.123288
-0.123938
-0.044020
0.118253
-0.017705
0.014782
0.164222
0.005198
-0.130435
0.083654
0.168283
-0.131085
-0.129786
0.182577
0.104121
-0.204019
-0.068385
0.209541
0.007147
-0.133197
0.165521
0.201582
-0.106882
-0.081542
0.128161
-0.056852
-0.219450
0.071309
0.217338
-0.078943
-0.130435
0.147654
0.096324
-0.088040
-0.036873
0.038010
0.026639
0.038010
0.006985
-0.083979
-0.068710
0.060263
0.031025
-0.097299
0.063512
0.097461
-0.103146
-0.000650
0.174455
-0.054741
-0.198496
0.160811
0.281987
-0.053441
-0.115979
0.234394
0.226597
-0.113055
-0.078294
0.144405
0.044182
-0.099735
0.023228
0.006822
-0.052467
0.013482
-0.028589
-0.097786
0.036710
0.180953
0.059126
-0.053279
0.068710
0.128486
-0.063025
-0.073583
0.103146
0.063512
-0.099248
-0.027452
0.148791
-0.050842
-0.265094
0.018355
0.211491
-0.070822
-0.096811
0.258434
0.220749
-0.094537
-0.033137
0.186476
0.057340
-0.146679
0.018842
0.118253
-0.039959
-0.012183
0.038660
-0.124100
-0.151227
0.021766
-0.002599
-0.138232
-0.058964
0.171694
0.112568
-0.056365
0.094212
0.126050
-0.009584
0.082517
0.225785
0.042396
-0.109644
0.032974
0.105096
-0.019980
-0.109156
0.068385
0.128811
-0.059939
-0.140669
-0.056365
-0.023391
-0.116304
-0.151714
-0.037035
0.153176
0.092750
-0.066111
0.013969
0.176567
0.130760
-0.112243
-0.095999
0.196871
0.234394
-0.099735
-0.165034
0.181278
0.233419
-0.112568
-0.170394
0.208567
0.316424
-0.057502
-0.222374
0.104608
0.216851
-0.138395
-0.241054
0.068872
0.158212
-0.061725
-0.097786
0.022903
0.036385
-0.008771
0.027614
0.090964
0.007959
0.115979
0.279064
0.018355
-0.159186
0.061400
0.179166
-0.042396
-0.164872
0.003574
0.127674
-0.029563
-0.213602
-0.081380
0.085928
-0.054578
-0.209866
0.006335
0.206617
0.064812
-0.087553
0.012832
0.170394
0.047269
-0.070010
0.016731
0.095674
0.084466
-0.039147
-0.122963
-0.059451
0.014619
-0.063837
-0.131572
-0.021117
0.061400
0.002274
-0.042233
0.041908
0.051492
-0.063512
0.026477
0.227247
0.171531
-0.006497
0.032325
0.150577
0.079756
-0.058964
-0.032812
0.077644
0.017056
-0.032000
0.012995
-0.023553
-0.029888
0.046619
0.039147
-0.034599
0.017218
0.094212
0.014782
-0.073583
0.026802
0.045157
-0.059451
-0.001949
0.142131
0.138070
0.030700
0.050517
0.059614
-0.009909
0.027127
0.077157
-0.044670
-0.008934
0.184039
0.055878
-0.156587
-0.011533
0.143105
-0.135308
-0.197196
0.172019
0.191836
-0.099573
-0.121826
0.085766
0.077969
-0.060913
-0.020792
0.034924
0.010071
0.055066
0.004711
-0.107857
0.028589
0.100060
-0.080081
-0.159674
0.055878
0.157725
-0.098598
-0.163897
0.049380
0.055228
-0.148141
-0.019330
0.263632
0.121989
-0.141319
0.033949
0.244790
-0.089177
-0.227247
0.088852
0.157562
-0.019817
-0.057502
0.043533
0.089014
0.066761
-0.002599
-0.077969
-0.032487
0.201582
0.193948
-0.153014
-0.080568
0.284749
0.149765
-0.166821
0.005360
0.258434
0.023716
-0.211003
-0.022903
0.090639
-0.037847
-0.007634
0.054903
-0.013807
0.055553
0.187125
0.027289
-0.191511
0.041096
0.125400
-0.247876
-0.188100
0.226110
0.151390
-0.210353
-0.020954
0.248363
-0.048243
-0.132060
0.249663
0.183064
-0.237318
0.020142
0.270292
-0.177217
-0.193135
0.312688
0.105908
-0.417783
0.022254
0.429641
-0.199958
-0.481783
0.206780
0.331530
-0.364342
-0.254861
0.452707
0.282475
-0.291896
0.004548
0.392768
0.001787
-0.228871
0.130273
0.283124
-0.087553
-0.122476
0.218475
0.070822
-0.248201
0.046781
0.218313
-0.181278
-0.050030
0.324870
0.048406
-0.297419
0.110131
0.376687
-0.206455
-0.274678
0.320809
0.222211
-0.357682
-0.120689
0.338677
-0.065624
-0.343875
0.150740
0.283612
-0.172181
-0.136933
0.244465
0.116628
-0.227409
-0.003086
0.303754
0.055390
-0.111918
0.095674
0.177866
-0.026152
-0.141481
-0.045482
0.008771
-0.030700
-0.024365
0.002761
-0.004386
0.035411
0.007472
-0.040771
-0.032325
-0.052467
0.012508
0.066111
-0.041908
-0.075857
0.077319
0.128324
-0.035086
-0.040121
0.250637
0.177054
-0.211328
-0.086903
0.249988
0.044832
-0.360606
-0.149278
0.277927
0.035411
-0.291733
0.076182
0.268505
-0.127187
-0.152527
0.214739
0.199308
-0.085766
0.063675
0.313337
0.034599
-0.146029
0.120040
0.120527
-0.161461
-0.065299
0.199795
0.049543
-0.186638
0.018355
0.155613
-0.128649
-0.140019
0.179004
0.125887
-0.128649
0.021766
0.213765
0.015431
-0.049218
0.156425
0.091938
-0.094212
0.046294
0.200120
-0.052629
-0.232932
0.052791
0.132222
-0.158212
-0.057340
0.274028
0.071309
-0.232445
0.006335
0.256323
-0.051492
-0.273378
0.121177
0.264444
-0.146354
-0.213277
0.173156
0.130923
-0.202232
-0.113705
0.093075
0.026314
-0.091613
0.010558
0.092750
-0.050842
-0.079106
0.132547
0.077644
-0.130435
0.046944
0.150415
-0.148628
-0.199958
0.102821
0.094862
-0.148628
-0.015431
0.283449
0.143918
-0.072609
0.124100
0.193135
-0.088527
-0.072121
0.165034
0.024365
-0.130760
0.107532
0.156100
-0.176405
-0.207755
0.076669
0.022903
-0.199795
-0.040934
0.120040
-0.042883
-0.009421
0.219125
0.109319
-0.066436
0.152202
0.297581
0.046294
-0.040771
0.176242
0.161136
-0.104121
-0.127836
0.101522
0.053928
-0.166658
-0.020467
0.096162
-0.114029
-0.138070
0.036061
0.029401
-0.046944
0.045969
0.132547
0.082192
0.055228
0.085116
0.001137
-0.051167
0.129461
0.116953
-0.068710
0.015756
0.062213
-0.141968
-0.102821
0.141643
-0.035573
-0.232932
0.071309
0.210516
-0.097461
-0.155288
0.170557
0.121664
-0.200932
-0.033624
0.248363
-0.022741
-0.244952
0.089664
0.158049
-0.184526
-0.117603
0.231957
0.129786
-0.140506
0.025340
0.179816
-0.055228
-0.196059
0.049055
0.119877
-0.100872
-0.039309
0.178354
0.102821
-0.102334
-0.046132
0.068710
-0.002599
-0.050192
0.028264
0.117116
0.030375
-0.050030
0.052791
0.064324
-0.001462
0.049055
0.101522
0.055878
0.026639
0.100060
0.079593
-0.081380
-0.063350
0.086740
0.070172
-0.053116
-0.043045
0.081380
0.061725
-0.081867
-0.031675
0.053766
-0.044345
-0.021279
0.161461
0.094862
-0.125725
0.050517
0.195897
-0.075207
-0.118415
0.161948
0.148466
-0.103634
-0.046294
0.093725
-0.059451
-0.112568
0.060101
-0.060263
-0.169745
0.116628
0.132060
-0.189562
-0.108344
0.198333
0.016893
-0.185826
0.155938
0.265257
-0.178354
-0.172831
0.278739
0.150577
-0.201744
-0.012832
0.255186
0.007634
-0.169907
0.127512
0.077644
-0.233257
-0.076994
0.104446
-0.085441
-0.072933
0.199308
0.150902
-0.085928
0.055553
0.210191
-0.066436
-0.060101
0.248201
0.110943
-0.153014
0.021441
0.180141
-0.017381
-0.086740
0.122639
0.093563
-0.135633
0.033949
0.218475
-0.078294
-0.235206
0.080243
0.202069
-0.068548
-0.092101
0.175917
0.142618
-0.100872
-0.041259
0.067086
-0.082355
-0.122963
0.124100
0.114354
-0.223673
-0.089502
0.295307
0.062862
-0.291896
0.003249
0.267856
-0.032812
-0.175268
0.075370
0.089827
-0.102334
0.002274
0.028426
-0.160486
0.042720
0.237318
-0.111268
-0.271916
0.105258
0.193948
-0.115816
-0.078456
0.208404
0.122801
-0.107694
0.012183
0.089664
-0.071634
-0.107532
0.017381
0.054578
-0.063350
-0.060751
0.117116
0.235693
0.075045
-0.156263
0.057340
0.383834
0.130435
-0.191511
0.059126
0.282475
0.009096
-0.231308
-0.040934
0.119227
-0.045319
-0.116953
-0.010071
-0.016081
-0.017705
0.059776
-0.044832
-0.064487
0.213602
0.264932
0.031025
0.047756
0.209541
0.079268
-0.102009
-0.010883
0.154963
0.072446
-0.030050
0.041908
0.016081
-0.092588
-0.064162
-0.016081
-0.091126
-0.009421
0.056527
-0.044670
0.022741
0.109806
-0.019330
-0.101035
0.058477
0.085441
-0.096649
-0.061238
0.130598
-0.062375
-0.353784
-0.072609
0.118415
-0.208892
-0.137583
0.317073
0.151227
-0.206617
0.042396
0.298231
0.057827
-0.127349
0.129461
0.248688
0.024365
-0.044182
0.062538
-0.022091
-0.082192
0.104283
0.038497
-0.200120
-0.031837
0.217663
-0.002112
-0.221074
0.019330
0.225135
-0.015756
-0.149440
0.112243
0.100872
-0.085116
0.026639
0.136933
0.022903
-0.043370
0.087553
0.109806
-0.075207
-0.022091
0.186476
-0.052304
-0.236668
0.066598
0.182090
-0.062862
-0.094537
0.183389
0.183389
-0.089664
-0.082842
0.159836
0.134496
-0.030050
0.059126
0.130760
-0.037847
-0.054091
0.113217
-0.032812
-0.146516
0.059451
0.114192
-0.059289
-0.109481
0.095512
0.087877
-0.178841
-0.074720
0.173481
-0.013320
-0.095349
0.095674
0.000650
-0.094212
0.026314
0.094862
0.026152
0.033624
0.149928
0.025990
-0.090151
0.068385
0.028426
-0.200932
-0.061238
0.136121
-0.001787
-0.025665
0.136121
0.045807
-0.090476
0.062050
0.078943
-0.120202
-0.090801
0.121989
0.060913
-0.170394
-0.030213
0.173806
-0.032487
-0.166496
0.103146
0.224485
-0.042396
-0.134821
0.088202
0.152527
-0.046944
-0.083654
0.134334
0.131085
-0.056852
-0.041096
0.024853
-0.048893
-0.009421
0.071309
0.067735
0.068223
0.079106
0.170882
0.095999
-0.062375
0.026639
0.168770
-0.031188
-0.188100
0.085603
0.159024
-0.068872
-0.145542
-0.043533
-0.076994
-0.118253
0.042396
0.050030
-0.147491
-0.013482
0.299855
-0.007959
-0.197196
0.253561
0.324383
-0.079106
-0.080730
0.283449
0.097624
-0.193785
0.046132
0.111430
-0.131085
-0.066761
0.155775
-0.014132
-0.179816
0.011858
0.068872
-0.191024
-0.148141
0.196384
0.128324
-0.077482
0.041421
0.145217
0.004873
-0.089989
0.067411
0.140994
-0.144405
-0.149440
0.258597
0.187125
-0.278739
-0.245602
0.284099
0.259571
-0.339002
-0.208242
0.412260
0.178841
-0.326332
-0.088202
0.206293
0.010721
-0.081867
0.106395
-0.028589
-0.094050
0.211328
0.048406
-0.317723
-0.017543
0.394880
0.061888
-0.290596
0.159186
0.442961
-0.123126
-0.272729
0.260221
0.195247
-0.225135
-0.025990
0.340626
0.051330
-0.288810
0.029401
0.247389
-0.053604
-0.111268
0.114354
0.068548
-0.029888
0.060426
0.068548
-0.061400
-0.025990
0.119390
0.054741
-0.070822
-0.013645
0.070172
0.016244
-0.109644
-0.134821
-0.024040
0.045319
-0.044345
-0.114517
0.004386
0.050192
-0.101684
-0.116304
0.060588
0.098598
-0.032000
-0.000487
0.162598
0.046944
-0.118415
0.033624
0.109156
-0.043045
-0.045807
0.120689
0.137258
-0.008934
-0.037198
0.072446
0.089177
0.002112
-0.014619
-0.015594
-0.003736
0.052954
0.008934
-0.079268
-0.056852
0.086740
0.087877
-0.027127
0.020467
0.120527
0.083492
-0.020467
-0.018842
0.083167
0.145217
0.001137
-0.027289
0.155450
0.098761
-0.105096
-0.120689
0.032325
-0.008934
-0.134334
0.042720
0.161948
-0.064812
-0.073096
0.211166
0.088527
-0.129136
0.080730
0.245277
-0.000975
-0.146679
0.150577
0.217338
-0.111430
-0.174455
0.111593
0.128811
-0.088527
-0.107532
-0.033787
0.000487
-0.038497
-0.090151
-0.083167
0.075045
0.092263
-0.100222
-0.076345
0.112405
0.094537
-0.186638
-0.116953
0.193460
0.097461
-0.098111
0.077319
0.159511
-0.099085
-0.100872
0.090964
0.045482
-0.087065
0.032487
0.100710
-0.070984
-0.054741
0.116304
0.096974
-0.042233
0.012670
0.098598
0.001137
-0.027452
0.065624
0.003249
-0.080081
0.044020
0.151390
0.090314
0.085928
0.172181
0.024528
-0.131735
-0.014294
0.087228
-0.050517
-0.181278
0.052954
0.240891
0.002599
-0.107857
0.113055
0.138557
-0.015431
-0.011046
0.086903
0.067248
-0.029076
0.064812
0.071147
-0.151714
-0.121501
0.142943
0.153989
-0.134009
-0.197684
0.047918
0.114679
-0.114517
-0.203206
0.011208
0.171531
0.069035
-0.099085
-0.007472
0.202069
0.119552
-0.120202
-0.033624
0.183227
0.089502
-0.001137
0.079756
-0.024853
-0.123288
0.035736
0.042720
-0.122476
-0.061076
0.158699
0.129136
-0.109156
-0.128649
0.073096
0.165684
0.070172
-0.095512
-0.136446
0.189237
0.293683
-0.203044
-0.284911
0.193623
0.236343
-0.152851
-0.195409
0.141643
0.182252
-0.062862
-0.098111
0.026152
0.123776
0.136121
0.021929
0.001624
0.169420
0.179491
-0.060426
-0.140831
0.072446
0.107857
-0.124913
-0.069847
0.161948
0.058477
-0.110293
-0.024690
0.071634
-0.095674
-0.163410
0.134984
0.120689
-0.160973
-0.037847
0.119227
-0.056040
-0.063999
0.206130
0.148791
-0.110618
0.058477
0.239429
-0.086740
-0.222536
0.163247
0.161136
-0.265094
-0.175105
0.192323
-0.019167
-0.299693
0.029726
0.193298
-0.127674
-0.137907
0.274028
0.267856
-0.100710
0.007310
0.292871
0.067898
-0.200120
0.048406
0.176242
-0.023228
-0.095187
-0.018518
-0.029076
-0.114679
-0.018193
0.028426
-0.072933
-0.016893
0.161136
0.120689
-0.013969
0.009421
0.087715
0.100872
0.030213
0.065786
0.094700
0.085278
0.054091
-0.053766
-0.072609
-0.002274
0.031350
-0.000487
0.074233
0.061400
-0.030213
0.017705
0.043208
-0.032325
-0.027127
0.059451
0.016568
-0.005523
-0.011046
0.006660
0.020467
-0.058314
-0.025665
-0.004386
-0.074070
0.096649
0.199958
-0.132222
-0.126050
0.257947
0.096811
-0.271267
-0.019980
0.290434
-0.060751
-0.349073
0.010721
0.139857
-0.180465
-0.061238
0.246089
0.089502
0.003411
0.240566
0.136608
-0.113542
0.051817
0.204993
-0.087065
-0.221724
0.146841
0.194922
-0.214902
-0.246739
0.119227
0.094212
-0.236668
-0.184364
0.088202
0.049055
-0.043857
0.117928
0.090151
0.013482
0.223348
0.245115
-0.046132
-0.014132
0.319835
0.140831
-0.261683
-0.060588
0.195734
-0.095349
-0.217663
0.068548
0.055228
-0.222861
-0.163897
0.074070
0.012995
-0.072121
0.094375
0.185176
0.079756
0.060588
0.109156
0.067573
0.041259
0.104121
0.153014
0.051979
-0.012020
0.048406
0.057827
0.005523
-0.140994
-0.098111
0.086578
-0.044020
-0.113055
0.074558
0.105583
-0.055066
-0.099735
0.013645
0.095349
-0.005198
-0.094700
0.095674
0.118090
-0.085116
-0.105908
0.019980
0.122476
-0.006660
-0.162110
0.039634
0.181115
-0.073746
-0.186476
0.022091
0.102821
-0.055878
-0.085278
0.101847
0.111268
-0.013157
0.005685
0.022903
-0.043045
0.016731
0.166009
0.036061
-0.141643
0.026639
0.177217
-0.043370
-0.209379
0.045319
0.220749
-0.021441
-0.139369
0.159999
0.192810
-0.138882
-0.144405
0.102009
0.094212
-0.027776
0.010883
0.051330
0.054903
0.095674
0.053441
-0.143755
-0.043045
0.244302
0.026802
-0.174130
0.089177
0.189887
-0.055228
-0.103146
0.169257
0.200770
-0.031350
0.052629
0.204506
0.001624
-0.123776
-0.083492
-0.006660
0.060751
-0.011046
-0.109319
-0.080730
0.136446
0.117928
-0.206455
-0.154313
0.219450
0.119065
-0.172831
-0.008771
0.200120
0.085766
-0.061725
-0.053441
-0.014294
0.124750
0.157725
-0.034924
-0.102009
0.066436
0.003898
-0.330718
-0.153339
0.213277
0.002112
-0.240079
0.102821
0.320160
-0.071959
-0.210841
0.148141
0.192973
-0.168120
-0.143105
0.165521
0.083167
-0.060101
0.039472
0.028589
-0.021929
0.126050
0.162760
-0.021766
-0.033949
0.176729
0.085928
-0.233582
-0.057989
0.270130
0.098111
-0.134821
0.046294
0.237805
0.066436
-0.142131
-0.145867
0.015106
0.121501
0.026314
-0.026639
0.049868
0.081867
0.060751
0.002274
-0.055553
0.033787
0.109319
0.021929
0.005685
0.052467
-0.026314
-0.133197
-0.038660
0.186638
0.040121
-0.250800
-0.008447
0.299855
-0.010558
-0.365966
-0.078943
0.222374
0.041908
-0.092101
0.024528
0.109644
0.103471
0.008122
-0.181440
-0.141968
0.169582
0.143268
-0.232932
-0.129298
0.260546
0.104933
-0.189074
-0.023228
0.226759
0.130760
-0.022416
0.021604
0.104283
0.070984
-0.005035
-0.011695
-0.080405
-0.090476
0.055715
0.067086
-0.129298
-0.137583
0.101197
0.089827
-0.187125
-0.090801
0.307652
0.206130
-0.111593
0.057340
0.303591
0.048893
-0.135796
0.126050
0.162760
0.006660
0.063675
0.095999
-0.034111
-0.004061
0.112568
-0.047918
-0.223998
0.026964
0.243978
-0.086091
-0.175592
0.201095
0.251287
-0.105096
-0.161461
0.141643
0.127512
-0.124588
-0.132547
0.033624
-0.023553
-0.113542
-0.089664
-0.088527
0.003736
0.105258
0.034599
-0.084629
0.048893
0.139369
0.036873
0.043370
0.171856
0.153339
-0.031025
0.013482
0.084141
-0.113055
-0.166171
0.047269
-0.027939
-0.195409
0.012995
0.117116
-0.047593
-0.098761
0.033624
0.050680
0.009584
0.101197
0.096324
-0.050030
-0.019167
0.184201
0.067411
-0.132547
0.057340
0.165359
-0.056690
-0.098761
0.038335
-0.024365
-0.082192
-0.006173
-0.002274
-0.073096
-0.008771
0.169907
0.110131
-0.108507
-0.007959
0.214902
0.094537
-0.024040
0.173156
0.237480
-0.027127
-0.132710
0.092913
0.110618
-0.149928
-0.110781
0.146679
0.130760
-0.070010
-0.042396
0.155775
0.099248
-0.135796
-0.091289
0.155126
0.099735
-0.098436
-0.041096
0.033299
-0.041583
-0.030213
0.094537
0.086091
-0.000650
0.013807
0.068223
-0.021766
-0.045644
0.078619
-0.050517
-0.138395
0.103471
0.208404
-0.041259
-0.079268
0.117116
0.044182
-0.126699
-0.114354
0.021604
0.026802
-0.012995
-0.030213
-0.094212
-0.027127
0.134659
-0.020954
-0.211003
0.171044
0.328769
-0.234556
-0.281663
0.368240
0.239429
-0.360281
-0.129948
0.287673
0.048568
-0.157562
0.072284
0.042396
-0.192648
0.030050
0.215714
-0.096649
-0.060751
0.397641
0.209054
-0.275652
0.056527
0.402352
-0.090801
-0.339652
0.143593
0.296282
-0.147166
-0.254211
0.122476
0.134171
-0.248201
-0.200445
0.108182
0.048081
-0.101197
0.093075
0.254698
0.013320
-0.060263
0.247551
0.247389
-0.043857
0.063675
0.259246
-0.062538
-0.228546
0.220262
0.237480
-0.330393
-0.236181
0.353621
0.135958
-0.494615
-0.174455
0.367103
-0.015106
-0.332342
0.118903
0.285236
-0.035736
0.075207
0.220100
-0.088852
-0.122151
0.232770
0.064649
-0.369215
-0.019330
0.393255
-0.056690
-0.396017
0.080730
0.264607
-0.189887
-0.235206
0.181278
0.115167
-0.200932
0.032974
0.162598
-0.118253
-0.104608
0.138070
0.080243
-0.062538
0.007959
-0.041908
-0.107370
0.095999
0.156750
-0.141643
-0.115491
0.309601
0.175592
-0.259571
-0.096811
0.226759
0.076507
-0.145542
-0.046132
0.117116
0.103796
-0.017868
-0.077319
-0.025502
0.105745
0.138557
-0.003249
-0.013482
0.215714
0.254861
-0.024528
-0.096162
0.122963
0.158537
-0.056852
-0.092263
0.108182
0.129298
-0.062862
-0.144242
0.019655
0.088202
-0.084954
-0.123126
0.068060
0.148141
-0.082030
-0.162273
0.109969
0.172669
-0.071796
-0.094862
0.082030
0.102659
0.000000
-0.104608
-0.060913
0.004061
0.022903
-0.037035
-0.152689
0.086740
0.289622
-0.064487
-0.278251
0.131085
0.283124
-0.122639
-0.192323
0.161136
0.195085
-0.150577
-0.145867
0.102821
-0.067411
-0.158862
0.148303
0.104933
-0.176080
0.007959
0.247714
0.015919
-0.185014
0.116466
0.303591
0.002112
0.007959
0.243978
0.020142
-0.172019
0.013320
0.081542
-0.094375
-0.113055
0.083004
0.135796
-0.022254
-0.083329
0.101035
0.137420
-0.032487
0.007147
0.115979
0.074233
0.049705
0.059939
0.023878
0.001299
0.015106
0.011533
-0.059614
-0.023553
0.103796
-0.026639
-0.159024
0.031188
0.103146
-0.095837
-0.017705
0.236830
0.081380
-0.159836
-0.009096
0.092913
-0.138557
-0.135308
0.083004
0.000000
-0.060263
0.088202
0.075532
-0.124425
-0.089177
0.155288
-0.016893
-0.213440
0.158862
0.286373
-0.148141
-0.149928
0.229196
0.098273
-0.188262
-0.014294
0.135146
-0.099573
-0.107370
0.051330
-0.114517
-0.115004
0.185501
0.142456
-0.100710
0.085603
0.342901
0.113867
-0.165359
0.045319
0.170557
-0.079593
-0.078943
0.125562
0.115491
-0.047431
0.011208
0.090151
-0.061563
-0.023716
0.166496
0.075045
-0.108182
-0.010558
0.162598
0.141968
-0.116141
-0.155450
0.144080
0.150252
-0.103634
-0.127674
0.073421
0.081542
-0.024040
-0.055066
-0.091613
-0.061725
0.124913
0.233582
-0.090151
-0.276140
0.131085
0.377012
-0.100547
-0.342738
0.168933
0.350210
-0.001787
-0.219125
-0.055066
0.178354
0.151714
-0.088365
-0.230171
0.054091
0.300180
-0.009584
-0.374738
-0.009909
0.319185
-0.066274
-0.200607
0.121014
0.130923
-0.138232
-0.039147
0.076832
-0.111593
-0.070010
0.211003
0.098761
-0.241054
-0.000487
0.346149
0.046132
-0.267043
0.119715
0.364017
-0.055878
-0.144892
0.262170
0.206617
-0.228384
-0.104771
0.211491
-0.035248
-0.255835
0.107532
0.239754
-0.172019
-0.186800
0.178354
0.067735
-0.209541
0.047918
0.190049
-0.121014
-0.112405
0.220912
0.135958
-0.143268
0.093563
0.339165
-0.031350
-0.199958
0.233094
0.176080
-0.287023
-0.092101
0.300018
-0.026152
-0.404139
-0.009421
0.337540
-0.105908
-0.341276
0.155938
0.236830
-0.161623
-0.047431
0.332667
0.196222
-0.160973
-0.055066
0.199470
-0.005685
-0.197521
0.020629
0.078619
-0.060426
-0.043370
-0.014294
-0.052954
-0.021604
0.026314
0.001787
-0.026152
0.068060
0.190699
0.074883
-0.089827
-0.044507
0.059451
0.137745
0.039472
-0.110618
0.075370
0.176892
-0.142131
-0.214090
0.148953
0.123938
-0.199633
0.017868
0.341926
0.040771
-0.233582
0.121989
0.315449
-0.101847
-0.234069
0.200283
0.225622
-0.166009
-0.051817
0.159349
-0.091776
-0.191836
0.052304
0.082842
-0.114842
0.008447
0.208729
0.063187
-0.064162
0.122476
0.173156
-0.060263
-0.041259
0.070334
-0.040934
-0.154151
-0.069035
-0.032487
-0.084466
-0.063512
0.011695
0.189887
0.207267
0.040121
-0.049055
0.119065
0.173806
-0.108507
-0.129298
0.131897
0.114354
-0.179491
-0.103796
0.140344
-0.033949
-0.197034
-0.006010
0.053928
-0.129461
-0.037685
0.110618
0.001624
-0.017543
0.147004
0.157887
0.081867
0.198008
0.174780
-0.003411
0.006010
0.104283
-0.015919
-0.196059
-0.011533
0.153826
-0.040771
-0.228871
-0.129948
0.057664
-0.002924
-0.193623
-0.108507
0.173968
0.189562
0.027289
0.006985
0.083329
0.109806
0.060913
0.013969
0.026152
0.058639
0.126050
0.110781
-0.076832
-0.064487
0.109156
0.022254
-0.150252
-0.048731
0.127674
0.102497
-0.021279
-0.109156
-0.024528
0.170719
0.105420
-0.141968
-0.092263
0.149603
0.094862
-0.198008
-0.150902
0.104283
0.039147
-0.038822
0.057827
0.037523
-0.011533
0.114354
0.055066
-0.193460
-0.059614
0.227896
0.118578
-0.103471
0.029076
0.194597
0.020467
-0.178841
-0.010558
0.172506
-0.036223
-0.174780
0.020304
0.097624
-0.097461
-0.155288
0.099573
0.203531
-0.029401
-0.085116
0.158537
0.221724
-0.027939
-0.187450
-0.051167
0.084304
-0.014619
-0.137095
-0.077969
0.054416
0.062050
-0.066923
-0.069035
0.057827
0.075045
0.045319
0.090639
0.121014
0.082679
0.068710
0.093075
0.051005
0.014457
0.076994
0.103634
0.095187
0.060101
-0.044507
-0.060263
-0.014782
-0.033624
-0.049705
-0.058639
-0.043857
0.065624
0.095837
-0.047269
-0.076994
0.020467
0.116304
0.130273
-0.111755
-0.100710
0.272891
0.154638
-0.329906
-0.171856
0.387733
0.204506
-0.298556
-0.024203
0.415996
0.044020
-0.384971
-0.025990
0.273541
-0.071309
-0.256648
0.084304
0.294332
0.026802
-0.213277
0.005848
0.174455
-0.038660
-0.168283
-0.048406
0.074883
-0.022741
-0.135633
-0.030050
0.057989
0.001137
-0.042883
0.038984
0.069197
0.038010
0.037523
-0.045644
-0.072284
0.017705
0.082030
0.032812
0.002112
0.157725
0.179491
-0.073746
-0.103471
0.147491
0.088040
-0.164222
-0.047593
0.184364
0.116466
-0.028589
-0.032974
0.064324
0.078131
-0.042396
-0.011858
0.071147
0.105745
0.094537
-0.091451
-0.082679
0.200607
0.196871
-0.111430
-0.129136
0.159511
0.201744
-0.139694
-0.270292
0.111593
0.256810
-0.071309
-0.109319
0.163085
0.090964
-0.087390
0.014619
0.006822
-0.140994
-0.064649
0.128811
0.019167
-0.174293
0.079593
0.192648
-0.180465
-0.143105
0.216526
0.049868
-0.114029
0.199308
0.124425
-0.269155
-0.004548
0.291571
-0.152039
-0.288160
0.223998
0.170557
-0.337865
-0.093400
0.299530
-0.158049
-0.308139
0.323083
0.237643
-0.357520
-0.012832
0.509072
0.031350
-0.432565
0.051654
0.416159
-0.028264
-0.231308
0.151552
0.247226
-0.040446
-0.065299
0.098761
0.031350
-0.006497
0.112080
0.052304
-0.027776
0.108507
0.126050
0.008934
-0.054253
-0.003086
0.087065
0.009421
-0.066274
-0.040771
-0.026477
-0.052467
-0.041583
-0.027289
0.012183
0.064162
0.055715
0.056527
0.033949
0.050355
0.064487
0.090314
0.137745
0.081867
0.047431
0.036873
-0.021929
-0.013807
-0.027614
-0.131085
-0.124100
-0.025015
0.019005
-0.050517
-0.083654
0.012995
0.031350
-0.014132
-0.018193
0.019005
0.071796
0.074558
0.015594
-0.055066
-0.019330
0.046781
-0.027289
-0.023553
0.155938
0.101522
-0.129461
-0.041746
0.185338
0.055715
-0.158374
-0.015106
0.140994
-0.039147
-0.139369
0.065624
0.069035
-0.155450
-0.056203
0.217663
0.102984
-0.057989
0.162110
0.237805
-0.050192
-0.144405
0.045807
0.066436
-0.088202
-0.065136
0.103146
0.042233
-0.052304
0.091776
0.076832
-0.079593
-0.003249
0.128649
0.049380
-0.020304
0.093400
0.163897
0.008771
-0.093238
0.110943
0.204506
0.026152
-0.019817
0.057827
-0.039634
-0.175268
-0.088527
0.034274
-0.043370
-0.040446
0.225135
0.154801
-0.200607
-0.038010
0.292708
0.056527
-0.277277
-0.030538
0.302942
0.019005
-0.283937
0.017218
0.196059
-0.123126
-0.201095
0.081867
0.080730
-0.057989
0.059451
0.080243
-0.138557
-0.082192
0.193785
0.086091
-0.176892
-0.055066
0.192323
0.007797
-0.262333
-0.115491
0.143105
0.071147
-0.115329
0.050030
0.260221
0.131897
-0.057989
0.071796
0.114517
-0.156425
-0.062538
0.294332
0.015431
-0.403976
0.076182
0.364342
-0.263632
-0.427854
0.229358
0.326332
-0.254049
-0.164547
0.357195
0.197684
-0.117603
0.137583
0.195734
-0.052954
0.091938
0.208567
-0.026802
-0.054903
0.140019
0.036710
-0.123776
0.065949
0.133359
-0.136933
-0.135796
0.083654
-0.005848
-0.166171
0.012508
0.181765
-0.012183
-0.053604
0.221074
0.192973
-0.072446
0.014944
0.094537
-0.125400
-0.084629
0.194272
0.104283
-0.235531
-0.035573
0.255835
-0.111755
-0.265906
0.180465
0.196222
-0.192161
-0.052791
0.196871
-0.026314
-0.166334
0.084466
0.120364
-0.170232
-0.095837
0.199633
0.025502
-0.304403
-0.059939
0.183714
-0.116953
-0.168283
0.132385
0.102984
-0.107207
0.000000
0.147004
-0.051979
-0.182740
0.155613
0.288485
-0.168770
-0.157400
0.349236
0.197196
-0.268343
-0.105258
0.238455
0.065949
-0.160161
0.036548
0.142618
-0.052304
-0.039634
0.086740
-0.017543
-0.015919
0.188100
0.092913
-0.143105
0.027939
0.233744
-0.014294
-0.157075
0.140994
0.238455
-0.048081
-0.080893
0.180953
0.076832
-0.102009
0.049705
0.065136
-0.058152
0.014132
0.101522
-0.005523
-0.068385
-0.021929
0.001624
-0.024365
0.017868
0.121339
0.038984
-0.002112
0.111268
0.046944
-0.083167
0.017381
0.048081
-0.071634
-0.055878
-0.025990
-0.079918
-0.116791
0.015919
-0.032325
-0.173318
0.110131
0.261196
-0.069847
-0.204343
0.157562
0.234556
-0.146679
-0.140994
0.269480
0.224810
-0.105908
-0.024528
0.098273
-0.020142
-0.113867
-0.075695
-0.070659
-0.052954
0.052467
0.023391
-0.040934
0.034436
0.107694
-0.004386
-0.040284
0.104283
0.133684
0.057827
0.011858
0.025502
0.074395
0.058639
-0.051654
0.023878
0.182252
0.066111
-0.153014
-0.033299
0.200607
-0.019817
-0.199308
0.115491
0.275815
-0.038984
-0.083654
0.159349
0.049218
-0.143105
-0.069035
0.041583
-0.016568
-0.002274
0.087715
0.022741
-0.044345
0.062375
0.084466
-0.099410
-0.070172
0.133684
0.112243
-0.035248
-0.069360
0.048568
0.126050
-0.092750
-0.200607
0.075207
0.147329
-0.119065
-0.181278
0.057015
0.041908
-0.212952
-0.058802
0.257460
0.106070
-0.091126
0.080081
0.162598
-0.025015
-0.116953
0.042883
0.077482
-0.043370
0.018193
0.034761
-0.066923
0.016406
0.150090
0.022254
-0.141319
0.042720
0.324708
0.107694
-0.185014
0.054091
0.234556
0.042720
-0.140669
-0.045807
0.155775
0.104283
-0.134659
-0.188425
0.007472
0.118090
-0.027939
-0.163735
0.059614
0.287348
0.158049
-0.057989
-0.001299
0.176242
0.077806
-0.076832
-0.071309
0.081218
0.156587
0.033462
-0.085603
-0.069685
-0.007472
0.004061
-0.018842
-0.143105
-0.027127
0.173156
0.022741
-0.168933
-0.031837
0.160161
0.016731
-0.078456
0.070334
0.094050
-0.097624
-0.041096
0.127674
-0.089664
-0.235856
0.054416
0.166009
-0.117278
-0.003411
0.268180
0.008934
-0.157725
0.159186
0.231957
-0.062213
0.024203
0.255835
0.033787
-0.223998
0.020792
0.204019
-0.115654
-0.213602
0.103471
0.109644
-0.212303
-0.115816
0.142131
0.004223
-0.180465
-0.022903
0.191673
0.043695
-0.087390
0.078943
0.149278
-0.016244
0.007472
0.206455
0.168933
-0.012183
-0.072609
0.027452
0.107532
0.069035
-0.096324
-0.153826
0.070984
0.109644
-0.114029
-0.127674
0.071147
0.117603
-0.011858
-0.041908
0.074720
0.191998
0.207592
0.063512
-0.105096
0.018355
0.104283
-0.167308
-0.208729
0.121664
0.111430
-0.254049
-0.141643
0.215714
0.025340
-0.229196
0.096649
0.273378
-0.087877
-0.033787
0.289135
0.028426
-0.234231
0.121339
0.229683
-0.185663
-0.101360
0.306028
0.030538
-0.379448
0.022416
0.291246
-0.167795
-0.306678
0.208404
0.348586
-0.173318
-0.179004
0.276302
0.167795
-0.196871
-0.009259
0.251450
-0.000162
-0.177217
0.069522
0.158537
-0.182090
-0.146029
0.156425
0.040284
-0.108019
0.062700
0.178191
0.004711
-0.051167
0.077644
0.082842
-0.014294
0.031512
0.096811
-0.033787
-0.145542
-0.065299
-0.031350
-0.084304
0.016731
0.114517
0.100872
0.117441
0.126862
0.071959
0.047756
0.044182
-0.034111
-0.075370
0.025177
0.019005
-0.075207
0.002437
0.030213
-0.179978
-0.219612
0.118740
0.160486
-0.198821
-0.142780
0.293520
0.183877
-0.171694
0.059126
0.277277
0.069035
-0.024528
0.177866
0.148953
-0.036873
0.063675
0.050842
-0.197846
-0.081867
0.216526
-0.019817
-0.219775
0.026152
0.066111
-0.197196
-0.172993
0.146841
0.103634
-0.030863
0.129786
0.129461
-0.056203
0.044995
0.176567
-0.040121
-0.135633
0.103471
0.096162
-0.168445
-0.002112
0.198171
-0.132547
-0.245764
0.177866
0.240729
-0.153339
-0.101197
0.293195
0.129623
-0.246089
0.017381
0.243653
-0.078456
-0.133684
0.111918
-0.047593
-0.204993
0.085278
0.109806
-0.254536
-0.140506
0.326657
0.159511
-0.293195
0.002924
0.399753
0.019817
-0.287348
0.110456
0.339814
0.005035
-0.068548
0.194922
0.060588
-0.167633
0.030375
0.123776
-0.108669
-0.141156
0.093563
0.068872
-0.112080
-0.007634
0.070334
-0.044832
0.019492
0.140344
0.015106
-0.035736
0.102659
0.076832
-0.131897
-0.116791
0.101360
0.044832
-0.135958
-0.049055
0.076832
-0.025502
-0.124750
-0.049868
0.025502
0.053604
0.065299
0.035736
-0.002599
0.036385
0.118253
0.040934
-0.021766
0.098436
0.154313
0.068872
-0.005523
0.037523
0.085441
0.013482
-0.011695
0.042720
0.024853
-0.060101
-0.078456
0.025015
-0.012995
-0.114679
-0.040934
0.083817
0.123126
-0.026152
-0.068223
0.145055
0.146679
-0.078456
-0.075857
0.166009
0.192161
0.000487
0.054741
0.140831
-0.025502
-0.050517
0.053279
-0.109481
-0.209541
0.108507
0.238130
-0.117928
-0.226597
0.088202
0.157075
-0.079431
-0.087065
0.092750
0.045157
-0.054903
0.065299
0.078619
-0.074720
0.023391
0.163410
0.007472
-0.101522
-0.003249
0.027127
-0.077644
-0.160486
-0.076182
-0.012508
-0.015594
0.098111
0.091776
-0.007147
0.054253
0.092426
-0.032812
-0.067573
0.036385
0.042233
-0.011533
0.089827
0.137095
-0.017381
-0.059126
0.009584
0.051330
0.000162
-0.060101
-0.011533
0.084141
0.078131
-0.074233
-0.112080
0.124100
0.275165
-0.017381
-0.154476
0.165359
0.242841
-0.103796
-0.184689
0.124913
0.155288
-0.042233
0.018193
0.178516
0.105908
-0.003411
-0.018518
-0.014132
-0.010721
-0.052304
0.008447
0.088690
0.025177
-0.080081
-0.018518
0.054091
-0.023878
-0.002599
0.057827
0.061400
0.011695
0.043370
0.060101
-0.006010
0.038984
0.005035
-0.064324
-0.013482
0.082679
-0.063512
-0.209866
0.005360
0.113542
-0.145867
-0.210353
0.168933
0.178679
-0.145867
-0.096324
0.174780
0.084141
-0.147004
0.056365
0.194597
-0.003411
-0.028264
0.184039
0.049055
-0.177217
0.001299
0.133847
-0.043695
-0.154476
0.080730
0.144405
-0.058964
-0.090151
0.030863
0.011695
-0.023391
0.098923
0.064974
-0.105420
-0.031188
0.231308
0.034924
-0.232282
0.095999
0.349236
0.034924
-0.191186
0.112568
0.268668
0.009421
-0.175917
0.012508
0.199470
0.053441
-0.058314
0.041746
0.164872
0.073421
-0.078943
-0.058477
0.023553
0.061238
-0.035411
-0.127512
-0.015756
0.091451
-0.022416
-0.116141
-0.013320
0.116304
0.040121
-0.090314
0.002599
0.066761
0.001624
-0.062538
-0.074558
0.053441
0.156912
0.071959
-0.003249
0.079268
0.060426
-0.078456
0.006335
0.172019
0.026639
-0.161461
-0.012183
-0.016081
-0.266231
-0.132710
0.168445
0.047106
-0.153664
0.108669
0.288647
-0.032325
-0.173156
0.143430
0.194760
-0.161785
-0.163897
0.219450
0.197684
-0.180303
-0.122639
0.181765
0.075045
-0.224973
-0.057015
0.248851
0.025177
-0.138232
0.132222
0.215714
-0.048568
-0.088202
0.166983
0.158374
-0.082842
0.011208
0.216526
-0.009096
-0.163572
0.013482
0.047918
-0.039634
0.022903
0.132060
0.098761
-0.033462
-0.029888
0.102821
0.003574
-0.131410
0.030213
0.150252
-0.031188
-0.135146
0.093563
0.157237
-0.104771
-0.095349
0.122963
0.021279
-0.093400
0.115329
0.171044
-0.176080
-0.183064
0.251937
0.158862
-0.225947
-0.033137
0.216039
-0.038497
-0.202069
-0.040934
0.038984
-0.051654
-0.007634
0.132710
0.044020
0.026314
0.143918
0.019492
-0.058314
0.127187
0.079593
-0.153826
-0.031675
0.160486
-0.069035
-0.282312
-0.074720
0.067735
-0.058639
-0.105583
0.033949
0.132710
0.058964
-0.012345
0.026314
0.085928
0.127836
0.121339
0.019492
0.048568
0.164872
0.069847
-0.077482
-0.029563
0.057340
0.006497
-0.060101
-0.020142
0.009421
-0.089989
-0.068710
-0.003736
-0.048081
0.042720
0.205805
0.175592
0.022741
0.058314
0.141481
0.063512
-0.074720
0.001787
0.173968
0.018842
-0.097948
0.072284
0.099898
-0.069847
-0.053441
0.034761
0.008609
0.033299
0.032162
0.030050
0.086415
0.030213
-0.066598
-0.010558
0.068385
0.037035
-0.078131
-0.107532
0.044995
-0.012832
-0.199633
-0.078456
0.066598
0.002437
-0.039147
-0.016568
-0.038660
0.032000
0.093400
-0.059939
-0.135471
0.093238
0.281987
0.033949
-0.205480
0.061725
0.228546
-0.118740
-0.261358
0.092426
0.213602
-0.043857
-0.103958
0.036873
0.016081
-0.093725
0.001624
0.026802
-0.096324
0.080243
0.215064
-0.074070
-0.145217
0.190374
0.130598
-0.183227
-0.053766
0.206780
0.087390
-0.090476
0.089014
0.132547
-0.080730
0.053928
0.227572
0.017381
-0.047106
0.166334
0.117278
-0.115654
-0.010558
0.171856
-0.003411
-0.085766
0.193785
0.221562
-0.080568
-0.041908
0.201582
0.008284
-0.215227
0.063675
0.167308
-0.157075
-0.173643
0.088040
0.015594
-0.206780
-0.085116
0.124913
0.024853
-0.057664
0.069522
0.063512
0.009909
0.013320
-0.022578
0.040446
0.142780
0.146192
0.031837
0.017543
0.099735
-0.077482
-0.197359
-0.031512
0.020954
-0.129948
-0.147816
0.047593
0.032974
-0.174293
-0.062538
0.132872
-0.018842
-0.105908
0.096974
0.147978
-0.041096
-0.052954
0.086740
0.019655
-0.100222
0.091451
0.261521
0.048081
-0.092750
0.042396
0.110456
0.017218
-0.107857
-0.020142
0.219450
0.154313
-0.027127
0.004386
0.087390
0.022903
-0.120202
-0.067086
0.112405
0.119065
-0.093075
-0.022903
0.257785
0.037685
-0.231308
0.028751
0.260871
0.072446
-0.112568
0.074070
0.209054
-0.049705
-0.134659
0.048893
-0.016081
-0.075045
0.077644
0.008609
-0.179166
-0.009746
0.198008
-0.063512
-0.237643
0.187125
0.348261
-0.089827
-0.171369
0.121501
0.047918
-0.161623
-0.030700
0.037198
-0.071309
0.087877
0.133847
-0.193948
-0.128973
0.221724
0.011533
-0.286860
0.008934
0.330231
0.066111
-0.236668
0.044832
0.325358
0.058802
-0.172506
0.037847
0.201257
0.028751
-0.164547
-0.054091
0.082030
-0.089177
-0.148141
0.060101
0.096324
0.011370
0.130923
0.184526
-0.046294
-0.095349
0.126862
0.111755
-0.051167
0.038010
0.199470
0.091451
-0.095349
0.073746
0.201907
-0.057502
-0.138720
0.064162
0.073096
-0.125887
-0.172993
0.013482
0.108507
-0.101522
-0.153989
0.127999
0.183064
-0.074558
-0.142780
0.093400
0.166983
-0.091613
-0.190699
0.104608
0.231795
-0.024365
-0.128324
0.094700
0.141806
-0.080405
-0.023228
0.145055
0.034761
-0.039309
0.079106
0.115167
-0.052954
-0.082030
0.057664
-0.031837
-0.058639
0.155613
0.046456
-0.219775
-0.050030
0.186151
-0.056040
-0.303266
0.041259
0.324870
-0.084466
-0.299043
0.157562
0.254373
-0.176405
-0.108344
0.332992
0.205968
-0.169257
-0.019330
0.229683
-0.019330
-0.200607
0.141806
0.223023
-0.175592
-0.106882
0.262495
-0.039309
-0.344200
0.041583
0.217988
-0.096811
-0.133034
0.242841
0.257297
-0.091451
0.009909
0.257297
0.004223
-0.163410
0.092913
0.112405
-0.105096
-0.034599
0.128486
-0.045482
-0.170394
0.110293
0.221562
-0.081218
-0.098923
0.312688
0.205968
-0.299530
-0.152039
0.282150
0.054741
-0.297744
-0.003898
0.235531
-0.051492
-0.223836
0.043857
0.113867
-0.120527
-0.065299
0.111430
0.075207
0.014132
0.045157
0.011695
-0.036223
-0.026802
0.071959
0.066761
-0.023391
0.084791
0.054903
-0.175430
-0.104283
0.105908
-0.039797
-0.140344
0.083492
0.233419
0.076994
-0.092263
0.039472
0.202232
0.045482
-0.101847
0.077319
0.115654
-0.079268
-0.165846
-0.061238
-0.032812
-0.079268
-0.004061
0.111268
0.121339
0.022254
0.097624
0.112243
-0.017381
0.031512
0.108832
-0.020467
-0.073421
0.094700
0.091938
-0.107207
-0.166983
-0.018030
-0.021117
-0.112892
-0.024040
0.089339
0.022903
-0.006010
0.188100
0.109319
-0.053441
0.117441
0.243653
0.112080
-0.029401
0.049055
0.118415
-0.053441
-0.132547
0.113055
0.070172
-0.207755
-0.005035
0.221886
-0.052467
-0.321134
-0.010721
0.276140
-0.064974
-0.229521
0.126537
0.233582
-0.004386
-0.005198
0.078131
-0.023228
0.015756
0.155288
0.013482
-0.164872
0.030050
0.196222
-0.057827
-0.301480
-0.003898
0.268668
-0.061400
-0.217176
0.148791
0.197846
-0.102009
-0.012832
0.102659
-0.083167
-0.079431
0.086578
0.012020
-0.206617
-0.063512
0.152527
-0.124913
-0.175268
0.248526
0.159836
-0.150415
0.073421
0.212140
-0.130923
-0.180465
0.218638
0.171856
-0.139857
0.041908
0.234881
0.043208
-0.084466
0.011858
0.011370
-0.102497
0.052304
0.127512
-0.121339
-0.044507
0.250150
0.057827
-0.206293
0.058477
0.264932
-0.003249
-0.141643
0.213927
0.216526
-0.239592
-0.116953
0.251774
0.027776
-0.240729
0.003736
0.132547
-0.110618
-0.190374
0.026152
0.094537
-0.059939
-0.018030
0.087065
0.060101
0.103796
0.111430
-0.103634
-0.093563
0.212303
0.113705
-0.186476
-0.010883
0.304079
0.076832
-0.281987
-0.039147
0.286373
-0.000162
-0.261521
0.006660
0.117278
-0.063999
-0.106557
-0.020142
0.000650
-0.042558
0.013157
0.090151
0.029563
-0.029888
0.098598
0.134821
-0.021279
-0.000162
0.192810
0.213277
0.033949
-0.041096
0.087553
0.051817
-0.131897
0.016731
0.096811
-0.112080
-0.036873
0.166334
0.046781
-0.149115
-0.054253
0.090801
0.024690
-0.090314
-0.044020
0.086740
0.130760
0.063187
-0.056365
-0.021766
0.127187
0.100385
-0.085441
-0.050517
0.089827
-0.012832
-0.109156
-0.047756
-0.013320
0.013807
0.104283
0.081380
0.018518
0.011370
-0.010883
-0.093725
-0.106557
0.019655
-0.033462
-0.044020
0.112080
0.119877
-0.065949
-0.106557
0.130923
0.052791
-0.151065
0.017381
0.154801
-0.006173
-0.063350
0.041096
0.006660
-0.016893
0.055390
0.080893
-0.068548
-0.089827
0.100710
0.087715
-0.117116
-0.106395
0.151714
0.212790
0.066436
-0.002761
0.129786
0.171694
0.010721
-0.070334
0.028101
0.149765
0.029563
-0.072933
0.056852
0.086091
-0.086415
-0.073258
0.094537
-0.002112
-0.104771
0.126375
0.185988
-0.083492
-0.021117
0.175430
0.017381
-0.091126
0.057989
0.061725
-0.057989
0.022741
0.041421
-0.051167
-0.017381
0.052467
-0.018193
-0.125562
0.008934
0.098436
-0.026314
-0.047269
-0.026964
-0.043857
0.072609
0.092750
-0.061076
0.028101
0.156587
0.015431
-0.144892
-0.122151
0.074720
0.078456
-0.081380
-0.038984
0.070334
0.075857
0.013645
-0.073421
-0.111918
0.026639
0.065461
-0.109156
-0.068385
0.129461
0.050355
-0.144242
-0.028101
0.192973
0.155288
-0.003411
0.039634
0.186151
0.163897
0.027939
-0.060588
-0.005035
0.162273
0.109644
-0.144242
-0.073421
0.212465
0.078619
-0.238292
-0.070984
0.157887
-0.027452
-0.175917
0.102009
0.186638
-0.202881
-0.103146
0.287185
0.063350
-0.197359
0.133359
0.246739
-0.148141
-0.143918
0.152202
0.021604
-0.187450
0.070334
0.265906
0.023391
-0.012832
0.196871
0.035248
-0.079106
0.194272
0.139857
-0.129461
-0.035736
0.091938
-0.117116
-0.254536
-0.026477
0.060913
-0.135146
-0.090476
0.157562
0.040771
-0.148628
0.083492
0.166496
-0.121501
-0.115979
0.168770
0.086740
-0.129623
0.033299
0.198171
-0.015431
-0.138395
0.060588
0.056690
-0.049543
0.017868
0.055066
0.015594
0.043208
0.041583
-0.087065
-0.030050
0.133034
0.040771
-0.152202
-0.000650
0.146679
-0.101522
-0.189237
0.134171
0.211328
-0.070659
0.034599
0.228059
0.104933
-0.019980
0.033299
0.071959
-0.010721
0.040609
0.061238
-0.018355
-0.019005
0.029726
-0.015756
-0.043045
0.037360
0.046294
-0.006497
0.022254
0.083492
0.026314
0.020629
0.043533
-0.000650
0.064649
0.063350
0.014294
0.007797
-0.102334
-0.029888
0.063837
-0.145542
-0.192323
0.120364
0.192161
-0.044020
-0.084466
0.106395
0.156100
-0.057827
-0.034436
0.093563
0.059776
0.011208
-0.025665
-0.065136
-0.147004
-0.023878
0.048081
-0.108832
-0.052304
0.149440
0.031188
-0.110618
0.065299
0.158374
0.003086
-0.096811
0.144567
0.175592
-0.058477
0.060913
0.189562
0.003411
-0.119227
0.028589
0.103958
-0.000975
-0.069685
0.007147
0.002599
-0.158699
-0.165521
-0.025827
0.087228
0.029888
-0.020142
0.093075
0.141643
0.039959
-0.028426
0.015919
0.080405
0.071309
0.031188
0.081380
0.061238
0.073746
0.050355
-0.080405
0.062538
0.198496
0.015594
-0.100385
0.111268
0.205805
-0.081380
-0.227247
0.044670
0.144892
-0.119715
-0.134659
0.055066
0.004873
-0.101197
-0.021117
-0.025990
-0.090801
0.044020
0.166171
0.062375
-0.070984
0.105420
0.208079
-0.065624
-0.163410
0.085928
0.212952
0.033462
-0.137420
-0.092750
0.048406
0.036385
-0.135146
-0.167633
0.101847
0.226110
-0.086903
-0.185988
0.135146
0.136121
-0.170394
-0.098598
0.140506
0.053928
-0.086903
0.041583
0.093888
-0.121826
-0.127024
0.093725
0.038335
-0.125887
-0.016244
0.124263
0.021117
-0.086415
0.034924
0.124263
0.024040
0.013482
0.126375
0.152689
0.116628
0.056365
0.008771
0.023391
0.087877
0.106882
0.046294
0.039147
0.056365
0.028589
0.001462
0.010396
0.043533
-0.021117
-0.086740
-0.041908
-0.045644
-0.057989
-0.035411
-0.050192
-0.032487
0.082030
0.081218
0.009746
0.114192
0.166658
0.032325
-0.050517
0.075207
0.193298
0.095025
-0.022903
0.041096
0.075857
-0.010558
-0.037523
-0.067248
-0.093075
-0.035573
-0.010883
-0.063025
-0.022903
0.036223
-0.032325
-0.031837
-0.019655
-0.041421
0.004873
0.042396
-0.051167
-0.108832
0.063025
0.063025
-0.134009
-0.088040
0.147978
0.134659
-0.104608
-0.096324
0.098761
0.042883
-0.155288
0.000000
0.228709
0.071634
-0.110293
0.068385
0.255023
0.028913
-0.249500
-0.072446
0.232282
0.063512
-0.154476
0.014944
0.155288
0.063187
-0.038822
-0.045807
0.016568
0.147816
0.136446
-0.002924
0.014944
0.147654
0.135796
-0.065299
-0.088202
0.172669
0.137745
-0.165684
-0.065136
0.143918
-0.011208
-0.132872
0.021929
0.111918
0.098111
0.159186
0.094375
-0.089502
-0.002599
0.151390
-0.122476
-0.255186
0.164547
0.263795
-0.226110
-0.249500
0.222374
0.108507
-0.295632
-0.091289
0.207105
-0.057827
-0.134009
0.209704
0.125562
-0.154313
0.099085
0.243653
-0.182252
-0.157237
0.293033
0.062050
-0.390656
-0.100710
0.205643
-0.153664
-0.305703
0.154476
0.315774
-0.139369
-0.187613
0.282312
0.226922
-0.203206
-0.060101
0.318535
0.148628
-0.120852
0.045644
0.224485
-0.031188
-0.112892
0.102009
-0.029563
-0.175592
0.095187
0.195409
-0.176242
-0.129786
0.256485
0.052629
-0.269155
0.052791
0.300830
-0.033787
-0.134984
0.182902
0.143105
-0.192810
-0.024365
0.202719
-0.047431
-0.111918
0.160973
0.142293
-0.149278
-0.080405
0.174943
0.102334
-0.077319
0.063675
0.228384
0.013807
-0.122151
-0.002112
0.054416
-0.040771
-0.100222
0.028264
0.073258
-0.015106
-0.094212
-0.076507
0.037847
0.002924
-0.157075
-0.106557
0.093725
0.091776
-0.018193
0.020792
0.080730
-0.042883
0.013482
0.232445
0.061400
-0.096649
0.156587
0.178029
-0.188100
-0.132060
0.278576
0.155288
-0.269642
-0.072446
0.306353
-0.088365
-0.406088
0.048568
0.201257
-0.184039
-0.124425
0.283449
0.130760
-0.194435
0.053441
0.253886
-0.116791
-0.210029
0.251774
0.212140
-0.249988
-0.082030
0.314637
0.028589
-0.180465
0.159674
0.183227
-0.105258
0.018518
0.304566
0.056527
-0.161623
0.123938
0.163572
-0.199308
-0.102009
0.238617
-0.036710
-0.280525
-0.000487
0.187288
-0.109156
-0.243328
0.216688
0.318048
-0.157725
-0.150090
0.328931
0.164222
-0.259571
-0.038335
0.261358
0.008284
-0.204019
0.104933
0.159999
-0.207917
-0.207430
0.130435
0.029076
-0.236668
0.022741
0.251774
0.004223
-0.100710
0.142131
0.139857
-0.079593
0.010558
0.221724
-0.028264
-0.281987
0.043695
0.179816
-0.224160
-0.251287
0.169257
0.214577
-0.058802
-0.029888
0.182415
0.073096
-0.084141
0.037360
0.109481
0.004386
0.045807
0.160811
-0.008284
-0.217338
-0.030050
0.108832
-0.184364
-0.200932
0.131897
0.110293
-0.165197
-0.032000
0.284586
0.084629
-0.143105
0.152202
0.279551
-0.049705
-0.045969
0.213440
0.051817
-0.179491
0.016081
0.197359
-0.022741
-0.095187
0.152689
0.053604
-0.221886
-0.051979
0.137745
-0.051654
-0.114354
0.153826
0.153989
-0.077157
0.024853
0.191186
0.021766
-0.124263
0.098923
0.189724
-0.041746
-0.041746
0.104608
-0.007310
-0.103796
-0.004061
-0.027452
-0.054741
0.132222
0.144405
-0.089827
-0.024040
0.160323
-0.059776
-0.189562
0.043695
0.069685
-0.163085
-0.103958
0.115979
-0.061400
-0.247876
0.000162
0.190374
-0.042396
-0.096486
0.187288
0.104121
-0.116791
-0.000812
0.147654
0.077644
-0.023066
0.089177
0.194597
0.037847
-0.079268
-0.028264
-0.020142
-0.076994
-0.124100
-0.009584
0.091451
-0.019655
-0.095512
-0.003411
0.089664
0.054741
-0.024528
0.001949
0.119715
0.182577
0.116304
-0.034436
-0.066111
0.076507
0.137258
-0.061563
-0.148628
0.091938
0.142131
-0.114679
-0.134984
0.080893
0.049543
-0.039147
0.109319
0.145867
-0.069847
-0.043045
0.257622
0.150740
-0.236181
-0.037035
0.349560
0.030700
-0.245439
0.075857
0.152527
-0.145217
-0.123776
0.077969
-0.029563
-0.068385
0.129948
-0.003411
-0.236830
0.060588
0.172019
-0.217663
-0.074720
0.309276
0.058802
-0.237155
0.098761
0.312525
-0.111430
-0.219775
0.267531
0.275328
-0.176405
0.002112
0.290109
-0.044345
-0.253886
0.042071
0.107694
-0.191998
-0.075695
0.190049
-0.000975
-0.214090
-0.012345
0.115329
-0.130435
-0.066436
0.177704
0.020304
-0.042558
0.193948
0.175430
-0.024203
0.019005
0.116466
0.061563
0.011858
0.046781
-0.017056
-0.147654
-0.052142
0.099898
-0.020629
-0.095025
0.175755
0.252424
-0.051005
-0.119390
0.134984
0.076345
-0.220100
-0.047593
0.187125
-0.046132
-0.144405
0.178354
0.142943
-0.289784
-0.142131
0.239105
0.027452
-0.226597
0.063512
0.211328
-0.103146
-0.099735
0.113217
-0.008609
-0.090801
0.114842
0.114679
-0.134496
-0.096649
0.100385
0.044182
-0.047269
0.031350
0.079593
0.123613
0.140669
-0.049705
-0.125237
0.074558
0.109806
-0.101197
-0.076345
0.132060
0.091776
-0.007310
0.003249
-0.041096
-0.054741
0.160323
0.199958
-0.091289
-0.019817
0.305378
0.134009
-0.252587
-0.077319
0.244627
0.083979
-0.162598
-0.053604
0.154151
0.069847
-0.079268
-0.075207
0.011533
0.069035
0.042233
-0.025177
0.024365
0.205968
0.079268
-0.137420
0.009584
0.164872
-0.018355
-0.116304
0.073421
0.115167
0.001462
-0.043857
0.009584
-0.060588
-0.061400
0.008447
-0.085928
-0.060913
0.074558
0.046944
-0.171044
-0.093238
0.091938
-0.043045
-0.079268
0.103146
0.045319
-0.198333
-0.050030
0.191024
0.033137
-0.134334
0.109806
0.196871
-0.054091
0.053441
0.219450
0.001137
-0.185826
0.060751
0.224810
-0.042071
-0.070659
0.182252
0.094537
-0.193135
-0.033137
0.202881
-0.047269
-0.180953
0.162922
0.223998
-0.200607
-0.225460
0.162598
0.131410
-0.229683
-0.132222
0.202232
0.064324
-0.124100
0.060101
0.124750
-0.063837
-0.008934
0.229358
0.183227
0.006010
0.094700
0.181278
-0.026477
-0.031188
0.211491
0.110293
-0.152689
-0.066274
0.120040
-0.050192
-0.222699
-0.052467
0.056690
-0.051817
-0.105745
0.042071
0.157562
0.046132
0.014619
0.068060
-0.028264
-0.009909
0.089664
-0.023391
-0.002924
0.132547
-0.008284
-0.147816
-0.002761
0.135471
-0.075532
-0.154801
0.138720
0.112243
-0.158374
-0.028426
0.173156
-0.039959
-0.103796
0.105908
0.029076
-0.094212
0.055878
0.046456
-0.167795
-0.076832
0.134821
0.061888
-0.099085
0.074558
0.210516
-0.078943
-0.076832
0.177217
0.009909
-0.153176
0.117441
0.212790
-0.104446
-0.140831
0.151714
0.148791
-0.171207
-0.113055
0.244465
0.108507
-0.169420
0.017218
0.253074
0.075207
-0.096324
0.018680
0.151877
0.137907
-0.022578
-0.075695
0.018518
0.005685
-0.149440
-0.124750
0.003574
0.070010
0.108507
0.050517
0.026152
0.017218
0.104283
0.103471
-0.128324
-0.044995
0.247389
0.100710
-0.202881
-0.050842
0.129298
-0.034436
-0.116304
-0.007472
-0.002761
-0.043857
0.077969
0.025177
-0.137420
0.099085
0.233094
-0.068385
-0.122639
0.204831
0.163410
-0.145542
0.018518
0.183552
-0.093075
-0.130273
0.189237
0.074070
-0.163735
0.037685
0.081055
-0.159999
-0.188587
0.079593
0.068548
-0.164872
0.013969
0.230983
0.004223
-0.160811
0.087065
0.190374
-0.059614
-0.139369
0.150252
0.260708
-0.058314
-0.216201
0.114517
0.297581
-0.099573
-0.285236
0.142131
0.270779
-0.148141
-0.200607
0.214902
0.225135
-0.181602
-0.073583
0.248688
-0.022416
-0.160973
0.074070
-0.057664
-0.196547
0.096649
0.176729
-0.125237
-0.046132
0.305378
0.119227
-0.230495
0.012508
0.315611
-0.020629
-0.226922
0.232282
0.310901
-0.187288
-0.129948
0.302942
0.091938
-0.307490
-0.053604
0.281825
0.006335
-0.237318
0.049705
0.155450
-0.183389
-0.199145
0.152851
0.138720
-0.136770
-0.064324
0.180628
0.055715
-0.207917
-0.071959
0.168608
-0.045157
-0.211815
0.046294
0.106882
-0.155288
-0.142780
0.134334
0.024690
-0.148628
0.095512
0.258109
0.007634
-0.181765
0.121339
0.253724
-0.073258
-0.101035
0.208892
0.254049
0.015594
-0.083654
0.060263
0.113217
-0.032974
-0.053928
-0.010558
-0.061725
-0.019005
0.032487
-0.096162
-0.145055
0.052304
0.111755
-0.009259
-0.000812
0.170394
0.195085
0.003574
0.005035
0.153826
0.136446
0.041421
0.058477
0.150902
0.124750
-0.078943
-0.105583
0.073421
-0.037685
-0.250150
-0.091613
0.117116
-0.016893
-0.100547
0.081542
0.095999
-0.096811
-0.041421
0.240729
0.099735
-0.225622
0.010721
0.250637
-0.044507
-0.247551
-0.004548
0.180953
0.040609
-0.119065
-0.085928
0.044507
0.016731
-0.121501
-0.143430
-0.025502
0.143755
0.099410
-0.091451
0.055715
0.229846
-0.060588
-0.198171
0.070659
0.139532
-0.111593
-0.060101
0.244140
0.081218
-0.165684
-0.018518
0.086740
-0.062538
-0.060913
0.083492
0.026152
-0.049380
0.053928
0.100385
-0.063837
-0.038497
0.168120
0.105258
-0.094050
-0.051979
0.157237
0.130760
-0.063675
0.016893
0.240729
0.168445
0.002437
0.045644
0.123938
0.009909
-0.156100
-0.057340
0.069522
-0.015431
-0.016244
0.071147
0.022416
-0.041259
0.007959
0.046619
0.035248
0.003574
0.029563
0.146354
0.101522
-0.016244
0.044182
0.058964
-0.030863
-0.030213
-0.027776
-0.071309
-0.084304
-0.054741
-0.021117
-0.134171
-0.150415
0.100385
0.145379
-0.122151
-0.107045
0.249663
0.209541
-0.141968
-0.091451
0.214090
0.118740
-0.130923
0.021604
0.129136
-0.080893
-0.108344
0.081705
-0.093563
-0.257460
0.083979
0.210191
-0.126375
-0.195734
0.146354
0.211166
-0.039959
-0.144405
0.042396
0.249500
0.214090
-0.053279
-0.191511
0.154963
0.299206
-0.173968
-0.338677
0.176567
0.303266
-0.130435
-0.154963
0.169745
0.123126
-0.071309
0.073583
0.117116
0.025990
0.116466
0.104283
-0.091776
-0.060588
0.176567
0.052791
-0.159024
0.003898
0.155288
-0.065461
-0.233094
0.019492
0.085928
-0.158699
-0.089339
0.178679
0.052142
-0.136608
0.075045
0.149928
-0.065624
-0.025827
0.187937
0.048081
-0.044020
0.216039
0.178354
-0.171207
-0.110456
0.250150
0.060751
-0.287673
0.028264
0.319023
-0.149278
-0.432240
0.027452
0.124425
-0.211653
-0.084141
0.210516
0.063512
-0.110293
0.108832
0.192973
-0.078943
-0.082517
0.186151
0.082355
-0.159024
0.016081
0.177217
-0.013320
-0.066274
0.067086
0.010558
-0.105908
0.002924
0.194110
0.090964
-0.129136
-0.002599
0.175592
0.019330
-0.156587
-0.041746
0.147816
0.046619
-0.120364
0.016568
0.132547
-0.000650
-0.041583
0.098111
0.153176
0.036223
-0.041583
0.073096
0.089664
-0.075857
-0.058152
0.065624
0.024528
-0.014619
0.024040
0.012832
-0.076832
-0.068548
0.101847
0.048731
-0.105745
0.085441
0.233257
-0.001299
-0.058964
0.147816
0.028751
-0.167795
0.099898
0.166496
-0.243328
-0.159349
0.186638
-0.006173
-0.263145
-0.038822
0.179816
0.098111
-0.000487
-0.012183
0.042883
0.108669
0.153176
-0.029888
-0.131735
0.127836
0.247064
-0.055066
-0.248688
0.059614
0.111268
-0.199145
-0.161623
0.065461
0.031675
-0.062213
0.058639
0.088202
-0.079593
0.006010
0.267531
0.059451
-0.141968
0.212140
0.219775
-0.225785
-0.137420
0.219125
0.033624
-0.186151
0.068060
0.160323
-0.090476
-0.065786
0.092263
-0.140669
-0.217663
0.133359
0.082842
-0.165359
0.138070
0.296119
-0.114354
-0.089502
0.307002
0.110781
-0.163085
0.114192
0.286860
-0.014944
-0.082030
0.194110
0.045807
-0.230983
0.068223
0.265094
-0.116141
-0.127024
0.214414
0.081380
-0.191836
-0.101847
0.090314
-0.008609
-0.113542
0.038984
0.043857
-0.167633
-0.105420
0.111268
-0.056852
-0.154151
0.147816
0.231957
-0.043370
-0.110131
0.149928
0.128324
-0.117603
-0.069847
0.105258
0.067735
0.023391
0.090801
-0.045807
-0.185338
-0.000975
0.080730
-0.139857
-0.118090
0.159186
0.164872
-0.106882
-0.127024
0.126699
0.109481
-0.073096
-0.047269
0.040284
0.035248
0.046619
-0.037685
-0.209216
-0.089664
0.210678
0.101035
-0.201257
0.015756
0.335753
0.075370
-0.254698
0.046294
0.309926
0.016893
-0.063350
0.179491
0.155126
-0.033787
0.037847
0.134659
-0.019005
-0.074395
0.122314
0.109156
-0.122151
-0.016568
0.112405
-0.117928
-0.105096
0.217338
0.018518
-0.281987
0.086903
0.302454
-0.134821
-0.317398
0.166009
0.195085
-0.265581
-0.084791
0.308464
0.108019
-0.098923
0.085928
0.087553
0.007310
0.133522
0.134171
-0.094375
-0.007959
0.242191
-0.068385
-0.307652
0.044832
0.160323
-0.293033
-0.252424
0.253236
0.062050
-0.309601
0.007472
0.258109
-0.154801
-0.233257
0.196709
0.187125
-0.157075
-0.037847
0.211491
-0.059776
-0.063675
0.280201
0.112892
-0.209054
0.093725
0.293683
-0.180953
-0.283124
0.198658
0.284586
-0.163410
-0.144730
0.334291
0.268993
-0.189399
-0.138720
0.138720
-0.019005
-0.095837
0.075370
0.078294
-0.012345
0.045807
0.115167
-0.003249
-0.108994
0.011208
0.109319
-0.067086
-0.102497
0.081218
0.051330
-0.036710
0.089827
0.074558
-0.136283
-0.034599
0.243653
0.101035
-0.279876
-0.146679
0.223511
0.066436
-0.170882
0.045319
0.229034
0.136283
0.016731
-0.153339
-0.146841
0.170719
0.114679
-0.313500
-0.196384
0.294657
0.192648
-0.274028
-0.140669
0.264444
0.129461
-0.157075
-0.029726
0.256810
0.121501
-0.142780
0.017381
0.155775
-0.002274
-0.061563
0.108019
0.115491
-0.127999
-0.118578
0.170394
0.036710
-0.222699
0.055715
0.197359
-0.059451
-0.099410
0.168933
0.180141
-0.090639
-0.022416
0.223023
0.079431
-0.041096
0.178191
0.102821
-0.120364
-0.018842
0.042233
-0.129298
-0.068548
0.125237
-0.021117
-0.170394
-0.022091
0.130760
-0.058639
-0.176242
0.054091
0.120364
-0.031350
-0.045807
0.099248
0.076994
-0.040771
-0.040121
-0.005198
0.053116
0.090639
0.009259
-0.074233
0.044182
0.082192
-0.078131
-0.066923
0.101522
0.101522
-0.037847
0.019817
0.155288
0.013320
-0.113542
0.059126
0.033624
-0.137745
0.057502
0.167633
-0.099898
-0.146354
0.115816
0.038497
-0.244627
-0.063350
0.219775
-0.000650
-0.186151
0.059126
0.108182
-0.089827
0.026314
0.251287
0.161461
0.047756
0.119227
0.084466
-0.012345
0.044020
0.062213
-0.046619
-0.049380
0.059776
-0.022091
-0.201744
-0.074720
0.061725
-0.080081
-0.083167
0.086253
0.132222
0.073096
0.052954
0.143593
0.115491
-0.042558
0.027452
0.124750
0.043045
0.026639
0.087065
0.075857
0.006335
-0.053441
-0.082842
-0.056203
-0.007472
0.021441
0.020304
0.045482
0.029401
-0.033137
0.015756
0.010883
-0.054741
0.015106
0.084466
-0.044182
-0.152039
0.007472
0.071959
-0.111593
-0.070010
0.159024
0.064162
-0.085278
0.123288
0.179653
-0.185501
-0.244302
0.149278
0.115167
-0.166658
0.051654
0.175268
-0.087715
-0.074233
0.097948
-0.031025
-0.138720
0.084304
0.149440
-0.067411
0.012183
0.270942
0.071309
-0.150090
0.154151
0.235693
-0.075207
-0.060588
0.070984
-0.092101
-0.145867
0.014782
-0.023228
-0.147654
0.089827
0.277602
-0.050680
-0.214577
0.171369
0.332505
-0.065624
-0.160486
0.207755
0.217663
-0.084466
-0.050355
0.139694
0.000812
-0.177542
-0.031350
0.038172
-0.141643
-0.017543
0.173156
-0.078456
-0.192810
0.195734
0.263470
-0.157400
-0.039797
0.415184
0.158537
-0.261358
0.110293
0.386271
-0.082355
-0.318698
0.111268
0.243165
-0.259734
-0.273053
0.148303
-0.011046
-0.275328
0.041421
0.193298
-0.097299
-0.061400
0.223673
0.056852
-0.240079
0.117441
0.304891
-0.179653
-0.149440
0.357682
0.151065
-0.341601
-0.015431
0.310901
-0.090801
-0.309114
0.069522
0.205805
-0.185988
-0.171369
0.219125
0.095999
-0.218638
0.067248
0.286373
-0.067898
-0.153664
0.080081
0.042883
-0.155288
-0.091613
0.076507
0.081218
0.047106
0.139532
0.153989
-0.033137
0.006173
0.100222
-0.008284
-0.018842
0.071147
0.067248
0.016893
-0.003411
-0.000325
0.018518
-0.008447
-0.058477
-0.037523
0.094375
0.172181
0.022741
-0.119227
0.038984
0.159349
-0.020629
-0.090314
0.097136
0.115654
-0.017868
0.007310
0.036710
-0.035411
-0.055878
0.019005
-0.000487
-0.055715
-0.015594
-0.020467
-0.081867
-0.035086
0.052954
-0.005360
-0.048893
0.052304
0.174455
0.090639
-0.098923
-0.036061
0.118740
-0.006335
-0.140994
0.061238
0.182902
-0.016406
-0.144242
0.040284
0.134821
-0.117116
-0.167146
0.078131
0.091451
-0.139857
-0.115979
0.087228
0.037685
-0.066436
0.020792
0.122314
0.020792
0.016244
0.186800
0.126375
-0.067248
-0.012670
0.178191
0.142618
0.011858
0.052791
0.160973
0.090639
-0.048731
-0.074395
-0.011858
-0.003249
-0.093075
-0.029076
0.053928
0.028589
0.042558
0.015919
-0.042558
0.007634
0.112568
0.064812
-0.019330
0.021604
0.074720
0.022903
-0.037035
0.032162
0.050680
0.026314
0.056365
-0.020467
-0.080730
0.042071
0.045807
-0.128486
-0.063350
0.110293
0.029076
-0.077969
0.023553
0.140506
-0.035248
-0.186638
0.008122
0.015919
-0.113055
0.049055
0.086903
-0.117278
-0.065786
0.160486
0.006335
-0.207917
0.105420
0.270292
-0.194435
-0.267856
0.277927
0.270617
-0.264932
-0.201095
0.318210
0.184039
-0.245115
-0.086253
0.193460
0.049868
-0.096486
-0.000812
0.063350
0.156750
0.198008
0.021929
-0.116466
0.067735
0.160161
-0.079593
-0.111593
0.100710
0.135958
-0.050517
-0.074883
0.071309
0.135958
0.030700
-0.031350
0.084629
0.109969
0.050192
0.018193
0.144405
0.103309
-0.164222
-0.042233
0.236343
0.060588
-0.243165
-0.054416
0.166658
-0.000975
-0.191673
0.003898
0.186963
0.016893
0.010396
0.020142
-0.056852
0.046944
0.191024
0.003249
-0.294332
-0.068710
0.332505
0.136121
-0.329743
-0.157075
0.212303
0.093725
-0.207267
-0.246739
0.026152
0.227734
0.019492
-0.326495
-0.054578
0.359631
0.063837
-0.298068
-0.020629
0.301642
0.054091
-0.149603
0.038497
0.086740
-0.122801
-0.048568
0.116466
-0.026639
0.033137
0.233257
0.091451
-0.116304
0.040121
0.233257
0.031837
-0.143593
0.134009
0.243978
-0.130273
-0.188750
0.161298
0.164547
-0.211653
-0.103634
0.266231
0.039634
-0.259571
-0.026314
0.188750
-0.126862
-0.212628
0.177379
0.144567
-0.155938
0.063512
0.272079
-0.114354
-0.197196
0.245439
0.263795
-0.109969
0.016731
0.359794
0.023878
-0.289947
0.175268
0.327794
-0.259084
-0.253724
0.312525
0.104121
-0.466189
-0.194272
0.339327
-0.004061
-0.416321
0.079106
0.375875
-0.055228
-0.141319
0.221562
0.132710
-0.177217
-0.014944
0.176080
-0.012832
-0.079431
0.146192
0.071309
-0.145867
0.019005
0.117278
-0.140182
-0.134334
0.153339
0.097461
-0.140506
-0.092263
0.110293
0.043045
-0.179653
-0.108507
0.153176
0.156587
-0.034274
-0.089014
0.064324
0.141643
-0.151552
-0.157562
0.268180
0.217988
-0.159999
-0.035248
0.290596
0.076994
-0.211166
0.015269
0.225785
-0.021279
-0.090314
0.134171
0.012670
-0.162110
0.055390
0.133684
-0.137583
-0.040446
0.306028
0.147654
-0.148791
0.046132
0.239267
0.046619
-0.083167
-0.006497
0.040121
-0.039634
-0.144892
-0.104283
-0.013320
-0.052304
-0.068548
0.000650
0.105908
0.121014
-0.006822
0.015594
0.173156
0.087877
-0.097136
0.028913
0.159674
0.053604
-0.001624
0.045807
-0.043857
-0.131735
-0.007634
0.062050
-0.132872
-0.211815
0.120689
0.127999
-0.139369
-0.008284
0.142293
0.055390
0.044020
0.120202
0.084304
0.053604
0.102659
0.078619
-0.136283
-0.071147
0.212303
0.016568
-0.214577
0.026314
0.146841
-0.163247
-0.251125
-0.020142
0.051654
-0.086415
-0.055390
0.100222
0.019492
0.002599
0.133684
0.086091
-0.093400
-0.006010
0.250962
0.165034
-0.078456
0.019005
0.188425
0.042396
-0.085928
-0.012345
0.102497
0.069360
-0.039959
-0.028589
-0.030213
0.025015
0.086415
-0.102009
-0.171531
0.113867
0.138070
-0.193460
-0.140669
0.202232
0.140669
-0.132060
0.030050
0.268018
0.090801
-0.025990
0.100385
0.034436
-0.129461
0.035573
0.149278
-0.088202
-0.089664
0.196547
0.115329
-0.188100
-0.147654
0.095999
0.057502
-0.185014
-0.084629
0.202719
0.118740
-0.193460
-0.138070
0.191673
0.149765
-0.170394
-0.093563
0.221562
0.087390
-0.232282
-0.191673
0.021929
0.000487
-0.094050
-0.004386
0.056365
0.054903
0.067573
0.048731
0.001137
0.003411
0.120364
0.157237
0.040121
0.051492
0.158049
0.082355
0.012832
0.013645
-0.031837
-0.021441
0.034924
0.095837
-0.009421
-0.183714
-0.047756
0.114842
-0.033137
-0.097461
0.036873
0.093725
0.016893
-0.014782
0.014944
-0.040284
0.013482
0.100385
0.009909
-0.030538
0.146841
0.151714
-0.090476
-0.051654
0.194435
0.113055
-0.093075
0.120527
0.301317
0.040121
-0.164059
0.023391
0.139857
-0.109644
-0.213765
-0.024690
0.110456
0.037360
-0.118903
-0.101360
0.108994
0.092750
-0.184364
-0.128649
0.157887
0.096974
-0.150415
-0.125237
0.066436
0.066111
-0.109806
-0.036061
0.154476
0.038822
-0.056527
-0.022741
-0.015106
0.008447
0.034924
0.043370
0.078456
0.170882
0.103796
-0.046294
-0.036385
0.084141
0.042071
-0.195247
-0.126212
0.211978
0.138720
-0.196059
-0.037523
0.219450
0.033462
-0.143593
-0.028589
0.113380
0.092101
0.075370
0.018355
-0.072933
0.093725
0.255835
0.017705
-0.189237
0.096486
0.305378
-0.073096
-0.314312
0.050192
0.262008
-0.055878
-0.212790
0.107694
0.288160
0.013320
-0.121014
0.082842
-0.001137
-0.161948
0.006173
0.088527
-0.067898
-0.072446
0.077806
-0.034599
-0.092101
0.099735
0.078131
-0.078456
0.059289
0.149603
-0.111430
-0.004548
0.274515
-0.066598
-0.324545
0.167958
0.284586
-0.323246
-0.190374
0.392931
0.044507
-0.480158
-0.009584
0.412910
-0.036385
-0.204993
0.248363
0.247876
-0.210353
-0.066761
0.295957
0.073583
-0.176242
0.071796
0.253074
-0.005360
-0.146354
0.024528
0.129298
-0.070172
-0.177704
0.042720
0.150902
-0.011208
-0.099085
0.041746
0.084629
-0.019980
-0.043370
0.094700
0.163897
-0.020467
-0.061400
0.092426
0.027452
-0.108669
0.005360
0.113055
-0.009584
-0.078456
0.102172
0.125400
-0.112892
-0.034111
0.177217
0.027939
-0.082192
0.155450
0.220262
-0.051492
-0.136121
0.023391
-0.019980
-0.142131
0.034274
0.030700
-0.194597
-0.089827
0.129461
-0.016244
-0.245927
0.031350
0.257947
-0.073421
-0.168283
0.179816
0.180953
-0.142618
-0.119227
0.198496
0.174130
-0.037360
0.144730
0.228059
-0.063512
-0.084141
0.111268
0.041583
-0.071796
-0.011858
0.015106
-0.068060
-0.103958
-0.057827
-0.089989
-0.077644
0.117603
0.107045
-0.109319
0.063025
0.324870
0.053928
-0.199633
0.123776
0.251125
-0.131897
-0.103796
0.283937
0.213765
-0.165684
-0.073421
0.226922
-0.031675
-0.249988
0.064649
0.165846
-0.093563
-0.039472
0.221237
0.102497
-0.189887
-0.014294
0.194435
-0.075857
-0.075857
0.167308
-0.031837
-0.214577
0.051979
0.127674
-0.136608
-0.092101
0.221886
0.141968
-0.179978
-0.004873
0.246089
-0.069197
-0.269317
0.135471
0.236018
-0.135958
-0.124263
0.141806
0.077157
-0.196059
-0.157562
0.077969
0.077644
-0.035411
0.038660
0.078294
0.007310
0.063350
0.097136
0.029563
0.009584
0.008934
-0.000650
0.028264
-0.115329
-0.188587
0.022416
0.032162
-0.166983
-0.032162
0.240404
0.091613
-0.077969
0.100710
0.201744
0.033624
0.079918
0.206617
-0.064649
-0.130273
0.269480
0.156100
-0.416646
-0.173156
0.417133
0.037035
-0.520442
-0.033137
0.429803
-0.060101
-0.304728
0.144405
0.270942
-0.030538
0.033624
0.254536
0.085441
-0.010721
0.182577
0.082517
-0.132222
0.044670
0.159999
-0.056040
-0.234394
-0.102984
0.075370
-0.049705
-0.167308
-0.038335
0.082192
0.120364
0.110781
-0.027939
-0.013320
0.148303
0.048568
-0.080081
0.067898
0.217176
0.026314
-0.141319
0.090639
0.169257
-0.172344
-0.204181
0.151877
0.041746
-0.264282
-0.016568
0.215227
-0.092101
-0.189562
0.168933
0.048568
-0.292708
0.032974
0.296282
-0.137258
-0.356545
0.129786
0.255835
-0.257297
-0.165684
0.401865
0.208729
-0.235206
0.021441
0.257947
0.008771
-0.094537
0.130111
0.151552
-0.074720
0.055878
0.203206
-0.119227
-0.204506
0.134171
0.082030
-0.162110
0.011533
0.150252
-0.045157
-0.131572
0.059126
0.044995
-0.077482
0.091613
0.189399
-0.025990
-0.073583
0.182090
0.120527
-0.146354
-0.069035
0.133684
0.080568
-0.019005
0.040121
0.046294
-0.002924
0.002274
0.034599
-0.009421
0.052142
0.207105
0.015919
-0.146354
0.047269
0.076507
-0.134659
-0.064812
0.160648
0.038497
-0.092913
0.069522
0.099248
-0.121501
-0.152039
0.005848
0.043533
-0.082192
-0.130923
0.031837
0.045644
-0.027939
-0.048081
-0.069197
0.090151
0.202069
0.028751
-0.080730
0.084141
0.194435
0.057502
-0.157237
-0.056203
0.183714
0.057502
-0.032325
0.079431
0.057989
-0.017218
-0.066436
-0.097299
-0.046132
-0.000650
0.004548
0.029726
0.027127
0.037685
0.010721
0.024040
0.130923
0.063675
-0.027127
0.069685
0.057502
-0.025665
0.083817
0.063999
-0.095674
0.025340
0.232445
0.091776
-0.116466
-0.006173
0.114354
0.002274
-0.138557
-0.012670
0.182902
0.090801
-0.012020
0.058314
0.037523
-0.053279
-0.073421
-0.054741
0.024040
0.012995
-0.040609
0.032162
0.033787
-0.033787
-0.049543
-0.068060
-0.006497
0.082517
0.011695
-0.089827
-0.007147
0.131085
-0.013969
-0.205643
0.029726
0.268018
-0.018680
-0.208242
0.102984
0.167146
-0.130273
-0.108669
0.144567
0.089664
-0.073908
0.030050
0.093075
0.004873
-0.038497
-0.056690
-0.016893
0.033949
-0.007959
-0.028913
0.095025
0.151877
0.001462
-0.067898
0.052467
0.057340
0.033299
0.178516
0.103796
-0.107857
0.064649
0.258922
-0.035736
-0.270130
0.037685
0.258922
-0.050517
-0.277114
0.020142
0.267043
0.003411
-0.195409
0.062538
0.283774
0.168770
-0.018030
-0.012020
0.142943
0.168283
-0.037685
-0.134659
0.037360
0.095837
-0.031188
-0.057177
-0.032974
-0.026802
-0.022903
-0.019980
-0.094537
-0.159999
0.055715
0.164872
-0.146354
-0.165521
0.255673
0.138232
-0.267856
0.024365
0.367916
-0.014619
-0.290272
0.075857
0.126699
-0.288972
-0.120364
0.313175
-0.014457
-0.324383
0.194597
0.326007
-0.217176
-0.090801
0.347124
0.026802
-0.258109
0.198333
0.363855
-0.168283
-0.191186
0.314312
0.129461
-0.350373
-0.106882
0.269805
-0.016731
-0.312688
-0.024040
0.185501
-0.116953
-0.210678
0.140669
0.184039
-0.092750
-0.049055
0.251450
0.125075
-0.167308
0.058639
0.305865
0.129298
-0.022903
0.082679
0.094862
-0.057177
-0.049055
0.084629
0.033787
-0.064812
-0.013157
-0.017868
-0.101035
-0.126862
-0.025502
0.060588
-0.034599
-0.067735
0.171694
0.276627
0.009584
-0.022903
0.179491
0.076345
-0.147329
-0.025015
0.179328
-0.026639
-0.168283
0.110456
0.136608
-0.232770
-0.104771
0.239429
-0.022416
-0.220424
0.118578
0.236018
-0.102009
-0.101522
0.173643
0.019980
-0.273053
0.043045
0.347286
-0.129623
-0.307652
0.168933
0.169257
-0.297094
-0.136283
0.313825
0.117441
-0.227247
-0.017868
0.311388
-0.015756
-0.270292
0.132385
0.187450
-0.164709
0.017705
0.257947
-0.113055
-0.239917
0.146354
0.182902
-0.167795
-0.072121
0.317073
0.159349
-0.158537
0.016731
0.221562
0.047918
-0.107532
-0.033787
0.036873
0.047431
-0.028264
-0.138232
-0.028426
0.100547
-0.061400
-0.142456
0.153176
0.237643
-0.028264
-0.053441
0.157237
0.140344
-0.084304
0.034599
0.191186
-0.010071
-0.045644
0.106233
-0.098598
-0.252749
0.130760
0.173156
-0.295470
-0.297581
0.304403
0.303266
-0.286536
-0.109156
0.323733
0.142456
-0.102659
0.061888
0.140994
0.014294
0.084954
0.101360
-0.094212
-0.063675
0.190699
0.036061
-0.190536
-0.024690
0.091126
-0.083167
-0.198983
0.013320
0.076994
-0.079593
0.005523
0.108019
-0.030213
-0.001299
0.143430
0.011208
-0.133034
0.010396
0.173318
0.007310
-0.133847
0.048893
0.093563
-0.106557
-0.029401
0.191349
0.002924
-0.214902
0.066274
0.218313
-0.129461
-0.202881
0.140506
0.204993
-0.131572
-0.126537
0.181602
-0.016568
-0.218963
0.115654
0.115816
-0.217663
0.107694
0.424118
-0.028589
-0.232932
0.288647
0.360281
-0.284261
-0.180628
0.456768
0.183389
-0.298393
0.079106
0.334616
-0.162273
-0.263632
0.216364
0.098436
-0.320485
0.019817
0.366454
-0.019980
-0.249825
0.086091
0.158862
-0.156263
-0.092588
0.135796
-0.038172
-0.140669
0.073421
0.023553
-0.188912
-0.048731
0.143105
-0.016731
-0.137583
0.083004
0.147816
-0.099898
-0.111755
0.140019
0.133359
-0.068872
0.028913
0.166658
-0.027127
-0.078943
0.072609
0.037360
-0.127512
-0.057827
0.177866
0.080243
-0.123613
-0.011858
0.121989
-0.020954
-0.059939
0.112080
0.063999
-0.069197
-0.010558
0.095674
-0.011533
-0.173481
-0.028913
0.171694
0.062862
-0.066598
0.095837
0.205480
0.025340
-0.121339
0.074558
0.208729
0.002112
0.004386
0.210191
0.096324
-0.119390
-0.008284
0.089502
-0.068548
-0.127187
0.057664
0.077157
-0.150090
-0.060751
0.141806
-0.034599
-0.159836
0.056365
0.127999
-0.000650
0.043857
0.115816
0.053441
-0.045644
-0.020629
0.047431
0.000325
-0.024365
0.020629
0.031675
-0.035573
-0.063512
-0.030863
0.006173
0.007634
0.000162
0.090476
0.155613
0.029076
-0.113542
0.027452
0.075857
-0.138070
-0.113705
0.132222
0.115979
-0.122639
-0.063187
0.120689
0.013320
-0.176242
-0.047431
0.066436
-0.072446
0.011695
0.112730
-0.034761
0.037847
0.274678
0.111593
-0.158699
0.038497
0.329256
-0.006660
-0.338515
0.043370
0.261358
-0.046294
-0.125237
0.182415
0.195085
-0.094862
-0.049543
0.166171
0.026639
-0.151065
-0.006822
0.131085
0.037035
-0.076345
0.036385
0.075045
-0.023553
0.012995
0.017056
-0.050517
0.032325
0.137258
0.026639
-0.043045
0.037360
0.082030
-0.010883
-0.071959
0.052629
0.019655
-0.096324
0.010721
0.065299
-0.123288
-0.115816
0.125887
0.084629
-0.090639
-0.019980
0.153176
0.064649
-0.091126
0.042233
0.140669
-0.038984
-0.023553
0.176729
-0.036385
-0.206130
0.049705
0.122639
-0.125887
-0.199633
0.084791
0.217663
-0.085928
-0.204343
0.124913
0.194272
-0.032974
-0.047756
0.059614
0.099410
0.069360
0.110131
0.075695
-0.128811
-0.024040
0.271267
0.060263
-0.277927
-0.011370
0.276627
0.007959
-0.256648
-0.013482
0.225785
0.050192
-0.045482
0.081867
0.133359
0.059776
0.002761
-0.001299
-0.017056
0.032162
0.039959
-0.077969
-0.092101
0.036223
-0.002599
-0.172181
-0.091613
0.121177
0.085278
-0.095674
0.000812
0.150415
-0.012670
-0.076345
0.083979
0.098761
0.023716
0.108669
0.202881
0.117116
-0.051330
-0.074558
0.045644
0.019817
-0.076669
-0.102659
-0.051330
0.000975
-0.119552
-0.233582
-0.095187
0.127024
0.035248
-0.107532
0.141481
0.279551
0.031025
0.005848
0.186476
0.091776
-0.113705
-0.012183
0.241866
0.056690
-0.212790
0.020142
0.145867
-0.163410
-0.179978
0.131897
0.092101
-0.164384
-0.032487
0.295957
0.086578
-0.209704
0.108019
0.296282
-0.096324
-0.190212
0.225135
0.220100
-0.216851
-0.223836
0.161948
0.123776
-0.161948
-0.029076
0.224485
0.093563
-0.132385
-0.023066
0.111593
-0.020467
-0.133684
0.065949
0.180628
-0.010396
-0.018193
0.117116
-0.007634
-0.111918
0.032487
0.031675
-0.084304
0.024203
0.184851
0.049380
-0.119227
0.074070
0.244465
-0.034436
-0.225460
0.104771
0.184039
-0.293520
-0.323571
0.141481
0.089502
-0.250150
-0.104121
0.179328
0.101522
0.010558
0.065299
0.057989
0.140506
0.211815
-0.034599
-0.111430
0.279226
0.233094
-0.286536
-0.213440
0.243003
0.038660
-0.396342
-0.073908
0.265094
-0.043857
-0.240079
0.078131
0.224810
-0.052791
-0.060263
0.200607
0.197846
0.054091
0.120527
0.128324
-0.026314
-0.026152
0.078943
0.000162
-0.140994
-0.047269
-0.007147
-0.128161
-0.144242
-0.010558
-0.015431
-0.041908
0.127999
0.131572
0.008771
0.125237
0.282475
0.040771
-0.110456
0.140019
0.190536
-0.059614
-0.064487
0.182415
0.043857
-0.218150
-0.056852
0.078456
-0.130273
-0.124750
0.111430
0.012508
-0.101522
0.060263
0.088852
-0.020629
0.006335
0.037198
0.017705
0.042071
0.027452
-0.107694
-0.156587
0.030863
0.094050
-0.057502
-0.083167
0.084466
0.139044
-0.034274
-0.132547
-0.020629
0.119227
0.126050
0.015431
-0.041096
0.093563
0.188912
0.024040
-0.141481
-0.037847
0.134496
0.048568
-0.111268
-0.034599
0.068872
-0.049543
-0.129623
-0.020467
-0.002112
-0.045644
0.102334
0.157562
-0.062213
-0.050842
0.177866
0.060101
-0.159674
0.026152
0.198983
0.016081
-0.048081
0.145542
0.090639
-0.113542
0.032974
0.210029
0.057989
-0.068060
0.098761
0.145055
-0.084791
-0.086740
0.077319
0.012995
-0.008284
0.110456
0.057015
-0.030538
0.019167
0.022903
-0.097461
-0.078456
0.040609
-0.021604
-0.098923
-0.003736
0.121501
0.004873
-0.126862
0.026152
0.138882
0.048081
-0.048568
0.045969
0.175430
0.006822
-0.220100
-0.034599
0.237480
0.121339
-0.110293
-0.029238
0.206293
-0.025502
-0.247226
0.048081
0.100385
-0.207917
-0.212790
0.103309
0.137258
-0.115491
-0.129136
0.123288
0.115329
-0.096324
-0.031675
0.111268
0.083492
-0.009584
-0.035086
-0.009096
0.014619
0.074558
0.143918
0.154638
0.045644
-0.051817
0.073908
0.150415
-0.058639
-0.163410
0.044020
0.229358
0.084791
-0.113705
0.094212
0.243490
-0.079918
-0.217013
0.039959
0.175268
0.006822
-0.120202
0.061563
0.150090
-0.050192
-0.096974
0.080405
0.083492
-0.063512
-0.041746
0.056040
0.017868
-0.045807
0.025665
0.008284
-0.091289
0.020629
0.086903
-0.035248
-0.030538
0.108507
0.031350
-0.159186
0.022578
0.242841
-0.027614
-0.164384
0.134009
0.089014
-0.204993
-0.071959
0.099735
-0.076832
-0.074883
0.119227
0.009584
-0.119390
0.101035
0.160323
-0.183714
-0.149278
0.248038
0.220100
-0.117116
-0.083654
0.285074
0.160973
-0.229683
-0.105745
0.232770
0.130111
-0.214414
-0.119227
0.160323
0.012995
-0.177542
0.083329
0.196059
0.022903
0.052954
0.146354
0.060263
-0.080893
0.055390
0.107370
-0.126537
-0.070659
0.207755
0.133684
-0.094212
-0.003736
0.107857
0.012508
-0.082679
0.010396
0.098598
0.054578
0.021117
-0.017868
-0.000812
0.034599
0.020629
-0.035248
0.016081
0.113542
0.024365
-0.101684
-0.015919
0.039147
-0.140019
-0.077482
0.080893
0.017705
-0.043695
0.048406
0.101522
-0.063512
-0.013320
0.186151
0.037198
-0.135633
0.104283
0.196709
-0.121177
-0.185338
0.113380
0.071796
-0.241216
0.007797
0.197684
-0.159836
-0.156912
0.153989
0.028264
-0.233257
0.004873
0.291571
0.015756
-0.192973
0.213277
0.308302
-0.168608
-0.183389
0.238130
0.214414
-0.125400
0.008447
0.243490
-0.082355
-0.274515
0.114679
0.259084
-0.148466
-0.232282
0.214577
0.180141
-0.363367
-0.260221
0.252911
0.094862
-0.220587
0.033137
0.292221
0.160973
0.077806
0.184526
0.088690
-0.059451
0.051492
0.122963
-0.030050
-0.044832
0.137420
0.091938
-0.120852
-0.080243
0.113542
-0.017218
-0.184364
0.047593
0.181602
-0.074070
-0.159024
0.170394
0.133359
-0.230171
-0.106233
0.257135
0.170232
-0.182740
-0.082030
0.135471
-0.019817
-0.179491
0.008609
0.169257
-0.001624
-0.062213
0.005523
0.004386
-0.016893
-0.026802
-0.044020
0.020629
0.098598
0.056527
-0.006660
-0.055228
-0.007147
0.039797
-0.027939
-0.055228
0.038172
0.094862
0.067898
0.007310
0.022741
0.114192
0.019492
-0.108182
0.050192
0.142943
-0.110943
-0.167958
0.009421
-0.025665
-0.111918
-0.010071
0.087065
0.072771
0.071147
0.095837
0.076345
0.002274
0.081705
0.151714
0.047106
0.023228
0.124100
0.117765
-0.007634
-0.058639
-0.116304
-0.097299
0.019980
-0.030538
-0.131410
0.020629
0.174780
0.047431
-0.046132
0.091776
0.209541
0.098598
-0.008447
0.050030
0.044507
0.041746
0.091776
0.015431
-0.064487
-0.037198
0.076507
0.101684
-0.063025
-0.211653
-0.099573
0.106233
-0.050680
-0.224810
0.065136
0.318048
0.044345
-0.159349
0.122476
0.204343
-0.072609
-0.098273
0.172506
0.081542
-0.178354
0.073421
0.184689
-0.227572
-0.236506
0.188100
0.092588
-0.264769
-0.104446
0.214090
-0.031675
-0.289459
0.061725
0.137095
-0.181602
0.000975
0.240891
-0.101360
-0.189562
0.202069
0.168445
-0.201582
-0.066274
0.313825
0.127024
-0.133197
0.099085
0.172669
-0.124100
-0.102984
0.146354
0.077806
-0.101197
0.046781
0.211328
0.012670
-0.089502
0.019005
0.106395
0.083654
-0.037847
0.002761
0.124425
0.144892
0.031837
-0.117116
0.021929
0.168933
-0.055066
-0.141481
0.090964
0.133034
-0.076020
-0.086903
0.096486
0.079918
-0.039634
0.035736
0.126862
0.020304
-0.047431
0.007147
0.009746
0.000487
0.027127
-0.031837
-0.057502
0.069360
0.049218
-0.176729
-0.176567
0.083329
0.038822
-0.191673
-0.019655
0.248851
0.042233
-0.233419
0.015106
0.243328
0.026152
-0.104121
0.037198
0.127512
0.012832
-0.089502
-0.066436
-0.057340
-0.018518
0.024528
-0.015431
0.000812
0.067573
0.033787
0.030700
0.059126
0.004711
0.030050
0.181927
0.189074
-0.041908
-0.073421
0.158374
0.114354
-0.133684
-0.081218
0.114192
0.045157
-0.080405
0.038010
0.123776
-0.061076
-0.149928
0.062213
0.147004
-0.031512
-0.061400
0.159349
0.175105
-0.119877
-0.109481
0.184039
0.095999
-0.114192
0.059776
0.175755
-0.021117
-0.103309
0.042396
0.069847
-0.081218
-0.000975
0.196384
0.101847
-0.052791
-0.005523
-0.023878
-0.055878
0.016081
-0.133197
-0.162435
0.098273
0.132872
-0.137745
-0.196547
0.145542
0.138557
-0.224648
-0.138070
0.210678
0.094212
-0.161461
0.057015
0.184364
-0.041096
-0.061725
0.128161
0.094212
-0.057177
-0.011858
0.051167
-0.042071
-0.111268
-0.014944
0.076345
0.058477
0.000650
0.071471
0.184039
0.070334
-0.083167
-0.008609
0.122639
0.055228
-0.059776
0.040121
0.144242
-0.013807
-0.088040
0.047106
0.029563
-0.067898
0.033624
0.131897
0.003898
-0.043533
0.074233
0.085278
0.025827
0.024690
0.072609
0.108182
0.085116
-0.060751
-0.092913
0.085116
0.035898
-0.195734
-0.115491
0.181765
0.087390
-0.121826
-0.020467
0.072446
0.038497
0.000162
0.038822
-0.074070
-0.078619
0.224485
0.117116
-0.323246
-0.138395
0.308627
0.013807
-0.325520
-0.025502
0.234069
0.023878
-0.118090
0.021929
0.050517
0.077806
0.119227
-0.039634
-0.094537
0.225785
0.274678
-0.173481
-0.213765
0.221237
0.201582
-0.222861
-0.129298
0.186638
0.068710
-0.096974
0.018193
0.084141
-0.025502
0.035248
0.147816
0.029401
-0.046781
0.121664
0.056365
-0.173643
-0.023878
0.124913
-0.057177
-0.114029
0.107045
0.007310
-0.249175
-0.006173
0.273378
-0.006985
-0.232282
0.178679
0.343550
-0.097948
-0.123613
0.279226
0.157562
-0.226272
-0.072284
0.240404
0.150740
-0.022903
0.022254
0.020142
-0.097136
-0.026152
0.054091
-0.056690
-0.036061
0.032812
-0.109156
-0.193948
-0.044182
0.049380
-0.013482
-0.006660
0.117441
0.131085
0.060913
0.080243
0.058639
-0.013482
-0.025177
0.006660
-0.020142
0.025340
0.113705
-0.007959
-0.119552
-0.042233
0.056365
-0.004548
-0.092101
0.024365
0.131735
0.053604
0.011370
0.057502
0.087877
0.052142
-0.080081
-0.084466
0.046944
0.068385
-0.049705
-0.112568
0.012995
0.068223
-0.050030
-0.006173
0.211815
0.116466
-0.134334
0.019492
0.220100
0.002112
-0.137258
0.098436
0.181278
0.025665
-0.050680
-0.017218
0.026152
0.019330
-0.013645
-0.040771
-0.017705
0.105258
0.137583
-0.042233
-0.011858
0.195085
0.108507
-0.095999
0.019492
0.152202
-0.124750
-0.257947
-0.034924
0.000812
-0.221724
-0.184851
0.152202
0.204019
-0.104121
-0.087553
0.264282
0.167146
-0.062538
0.026802
0.155288
0.134334
-0.004223
-0.035248
0.054741
0.037198
-0.128324
-0.150577
-0.030375
0.016244
-0.079593
-0.117278
0.085928
0.155450
-0.066761
-0.046132
0.266231
0.162760
-0.053604
0.174943
0.234556
-0.048731
-0.135471
0.061888
0.101035
-0.099735
-0.046619
0.046944
-0.177704
-0.157400
0.069847
-0.096811
-0.201744
0.076669
0.169745
0.040121
0.076182
0.168445
0.078943
0.011208
0.085278
0.031188
-0.075370
0.078131
0.160161
-0.077806
-0.167308
0.074883
0.138232
-0.079918
-0.073096
0.049218
0.060101
0.087877
-0.022091
-0.083654
0.116466
0.144080
-0.062213
-0.129136
0.041746
0.160648
-0.058477
-0.286536
-0.068223
0.156425
-0.014619
-0.060263
0.119390
0.152202
0.046619
0.030700
0.101360
-0.017868
-0.095187
0.145055
0.152851
-0.162273
-0.077969
0.243003
0.073096
-0.261196
-0.138882
0.089827
0.024365
-0.112405
-0.064487
0.102984
0.056203
-0.124100
-0.049543
0.123126
0.059776
-0.045807
0.041421
0.112405
0.025827
-0.059451
-0.020954
0.020467
-0.016081
-0.017218
0.040121
0.032000
0.054741
0.067086
-0.012995
0.094700
0.184201
0.056365
0.008934
0.101684
0.089827
-0.056527
-0.075045
0.057015
0.032487
-0.100060
0.024203
0.075370
-0.097786
-0.007310
0.121014
-0.044182
-0.106233
0.069522
0.115491
0.035898
-0.009909
-0.008447
0.007472
-0.020142
0.058477
0.094375
-0.034924
0.027127
0.147654
0.000975
-0.114517
-0.014944
0.096811
0.080405
-0.013969
0.016244
0.099898
0.047756
0.004711
0.019330
-0.066761
-0.074070
0.031350
0.015594
-0.028264
-0.048406
-0.013645
0.033624
-0.101847
-0.175105
0.050517
0.177542
-0.068872
-0.227409
-0.003574
0.154963
-0.055228
-0.192973
0.142456
0.295794
-0.052467
-0.067086
0.186800
0.087065
-0.135796
-0.102009
0.096649
0.133359
0.011695
0.024365
0.158049
0.120527
-0.084954
-0.110293
0.076832
0.109644
-0.091126
-0.146192
0.139857
0.236668
-0.116466
-0.187450
0.151390
0.174455
-0.094537
-0.087553
0.182902
0.198983
-0.034111
-0.040121
0.137745
0.119227
-0.002437
0.028426
0.061888
0.039472
0.008934
-0.057989
-0.101522
-0.041583
0.110781
0.082517
-0.119877
-0.087877
0.193948
0.187450
-0.258597
-0.279226
0.231470
0.215227
-0.265257
-0.149765
0.315611
0.088040
-0.339652
-0.061563
0.242028
-0.121826
-0.211166
0.243978
0.136446
-0.268993
0.011695
0.338677
-0.048406
-0.232607
0.198983
0.214739
-0.213440
-0.113542
0.245927
0.031837
-0.305703
-0.011695
0.314637
-0.057177
-0.266394
0.210029
0.323733
-0.192810
-0.306353
0.195734
0.314637
-0.203531
-0.227247
0.316424
0.197846
-0.209379
0.008934
0.193623
-0.064974
-0.066923
0.228546
0.118253
-0.171531
0.062213
0.289947
-0.109156
-0.230820
0.229358
0.235531
-0.177054
-0.051979
0.239917
-0.027127
-0.158699
0.103146
0.092913
-0.122639
0.004873
0.260384
0.088527
-0.169420
0.038497
0.260871
-0.023066
-0.205968
0.056852
0.157400
-0.067248
-0.158049
0.010233
0.052954
-0.116628
-0.150740
0.056852
0.109806
-0.112243
-0.127512
0.116953
0.118415
-0.159349
-0.122801
0.179004
0.167795
-0.072284
-0.027614
0.198496
-0.020792
-0.217013
0.129461
0.204343
-0.171531
-0.059776
0.360444
0.028913
-0.430128
0.050192
0.487630
-0.124100
-0.397641
0.307002
0.308302
-0.428666
-0.381560
0.269805
0.161461
-0.324545
0.034761
0.419408
0.004548
-0.143105
0.311713
0.198496
-0.277439
-0.014619
0.358982
-0.059451
-0.301967
0.250313
0.296119
-0.276789
-0.221399
0.274190
0.111593
-0.276952
0.051330
0.308627
-0.042396
-0.142131
0.237318
0.188587
-0.187775
-0.022903
0.282312
-0.008771
-0.280363
0.081055
0.170719
-0.224973
-0.132710
0.268830
0.089177
-0.248201
0.040284
0.313012
-0.077969
-0.290272
0.143593
0.230495
-0.182577
-0.057340
0.355408
0.068548
-0.308464
-0.017705
0.248688
-0.104283
-0.316586
0.097948
0.241866
-0.117116
-0.117441
0.202881
0.040934
-0.164709
0.094537
0.114029
-0.183227
-0.079268
0.158862
-0.080081
-0.250800
-0.019980
0.163897
0.011858
-0.123288
0.067898
0.203206
0.042233
-0.085603
0.096811
0.243653
0.128324
-0.067411
0.046294
0.181115
-0.089664
-0.165521
0.016568
-0.037847
-0.147004
0.028426
0.091613
-0.114192
-0.078294
0.234719
0.146679
-0.158049
0.081705
0.271592
0.071309
0.010721
0.105420
0.073908
0.010233
0.053928
0.005848
-0.054578
0.101522
0.117928
-0.153989
-0.155288
0.041746
-0.007797
-0.152689
-0.039959
0.182252
0.122151
0.008934
0.145379
0.149928
-0.100872
-0.019980
0.172831
0.013645
-0.105908
0.035736
0.070659
-0.099085
-0.055715
0.051979
-0.046944
-0.092101
0.028913
0.025015
-0.112892
-0.022903
0.118740
-0.065299
-0.169907
0.097299
0.056852
-0.137258
0.041096
0.095837
-0.109481
-0.158049
0.087715
0.149278
-0.114679
-0.066111
0.257297
0.162598
-0.168770
-0.048893
0.171856
0.050517
-0.070659
0.028101
0.138232
0.060263
-0.029076
0.003736
-0.023553
-0.112080
-0.022741
0.089177
-0.023878
-0.097624
0.028589
0.084629
-0.045157
-0.090476
0.085928
0.155450
0.053279
0.056040
0.094375
0.063999
0.109806
0.200607
0.050842
-0.098436
0.117765
0.294820
-0.015431
-0.257622
0.060263
0.156912
-0.192810
-0.168933
0.191836
0.106395
-0.170882
0.007147
0.163897
-0.125237
-0.199958
0.184039
0.196709
-0.166496
-0.126050
0.217013
0.127512
-0.168608
-0.053604
0.105745
0.040771
-0.007472
-0.019655
-0.109319
0.011695
0.083979
-0.211328
-0.169420
0.219937
0.198333
-0.207755
-0.099248
0.302129
0.082355
-0.262495
0.043370
0.309276
-0.121664
-0.209379
0.254861
0.226110
-0.205805
-0.130273
0.210191
0.021604
-0.209866
0.038497
0.227247
-0.081705
-0.230008
0.063512
0.105583
-0.091938
-0.040771
0.161298
0.120689
-0.073908
-0.048568
0.142618
0.088365
-0.054416
0.055066
0.131410
0.111106
0.060913
-0.012832
0.050517
0.083979
-0.057177
-0.084791
0.058964
0.197359
0.150252
-0.065136
0.004386
0.112243
-0.057827
-0.109156
0.006822
-0.036710
-0.142943
0.098598
0.167795
-0.267368
-0.216851
0.287673
0.113055
-0.332830
-0.044182
0.400078
0.067898
-0.273053
0.086091
0.185014
-0.108994
0.003574
0.167795
-0.066923
-0.098111
0.101360
-0.039147
-0.237967
-0.005848
0.212952
-0.046294
-0.071147
0.188425
0.059614
-0.075370
0.036223
-0.008122
-0.158699
-0.028426
0.208892
0.058964
-0.182577
0.060588
0.223186
-0.027452
-0.112892
0.025827
0.121014
0.110781
0.077157
-0.018193
-0.021604
0.178841
0.175917
-0.128811
-0.096811
0.244140
0.145217
-0.168120
-0.145867
0.061888
0.052467
-0.076832
-0.097624
0.039309
0.237967
0.098923
-0.151390
-0.024690
0.222049
0.100222
-0.158374
-0.064649
0.171531
0.074558
-0.154801
-0.076994
0.010721
0.029563
0.005360
-0.118578
-0.003249
0.176567
0.010558
-0.186638
0.034436
0.169257
-0.045319
-0.091776
0.150577
0.164872
-0.108182
-0.006497
0.183389
-0.105096
-0.259734
0.147004
0.206942
-0.202069
-0.099410
0.245277
0.078943
-0.224973
0.006660
0.267693
0.021117
-0.135146
0.125562
0.198008
-0.096324
-0.084791
0.123288
0.001787
-0.155775
0.011533
0.170394
-0.060751
-0.183877
0.104446
0.136933
-0.208242
-0.129623
0.245439
0.143755
-0.089827
0.058314
0.202394
-0.005035
-0.111755
0.087390
0.136933
-0.022091
0.010071
0.135796
-0.018842
-0.079268
0.061400
0.000975
-0.114517
0.063999
0.232607
-0.060751
-0.255673
0.092913
0.221399
-0.209379
-0.230171
0.290434
0.273703
-0.193623
-0.044020
0.377824
0.044507
-0.290109
0.108019
0.237318
-0.193460
-0.194760
0.165846
0.016893
-0.233907
0.026477
0.137907
-0.176892
-0.079918
0.273216
0.019492
-0.185176
0.233419
0.326657
-0.218313
-0.205805
0.337703
0.113380
-0.337703
-0.036873
0.207105
-0.136121
-0.223673
0.075045
0.127512
-0.028264
-0.017705
0.109644
0.055066
-0.029888
0.044182
0.048568
-0.022578
0.078943
0.154801
0.063512
0.050680
0.078131
-0.026964
-0.085928
0.004711
0.034599
-0.030700
-0.047756
0.063350
0.088040
-0.006173
0.016893
0.088852
0.032812
0.004548
0.028264
-0.074558
-0.094862
-0.018842
-0.041259
-0.122151
-0.035248
0.141968
0.097461
-0.057664
-0.001462
0.181765
0.116141
-0.088690
0.029888
0.261358
0.064649
-0.115654
0.069197
0.109806
-0.138232
-0.166658
0.046456
-0.018680
-0.164384
0.044995
0.126862
-0.172669
-0.025827
0.290272
0.014782
-0.155450
0.255023
0.352809
-0.177217
-0.217338
0.264120
0.165521
-0.307165
-0.101522
0.260871
0.000975
-0.159349
0.037035
0.044507
-0.117441
-0.034599
0.079593
0.017705
0.037198
0.157725
0.085278
-0.098923
0.021766
0.165034
-0.006173
-0.181765
0.042396
0.195734
-0.071309
-0.173318
0.035736
0.156912
-0.120202
-0.291896
0.058639
0.280525
-0.016568
-0.184201
0.126050
0.270942
-0.060426
-0.189237
0.127512
0.167795
-0.008447
-0.056365
-0.088202
-0.095025
-0.032325
0.080405
-0.039472
-0.105745
0.220587
0.284749
-0.085116
-0.093888
0.238780
0.129786
-0.204181
-0.061076
0.294008
0.174780
-0.137907
-0.009584
0.205480
-0.007310
-0.222374
-0.043533
0.091938
-0.067411
-0.118253
0.037035
0.019817
-0.109156
-0.010558
0.143918
0.016244
-0.090964
0.114192
0.179978
-0.074558
-0.122963
0.122639
0.120852
-0.136121
-0.085928
0.230333
0.120040
-0.217826
-0.069522
0.164222
-0.021279
-0.136770
0.107207
0.150415
-0.148953
-0.109806
0.212952
0.104121
-0.199470
-0.055228
0.258434
0.089664
-0.158212
0.047593
0.204343
0.016568
-0.096811
0.052954
0.105420
-0.025665
-0.000487
0.074070
-0.054741
-0.099085
0.028426
0.027939
-0.050680
0.030213
0.108344
-0.012183
-0.075532
0.102009
0.164709
-0.042396
-0.041583
0.289297
0.277927
-0.145867
-0.124750
0.226272
0.089664
-0.310901
-0.172993
0.207105
0.013969
-0.272566
0.022254
0.198821
-0.130923
-0.128973
0.177704
0.055878
-0.235369
-0.034111
0.318210
0.063512
-0.319510
0.023553
0.396179
0.013969
-0.241054
0.089014
0.265744
-0.016244
-0.231145
-0.061076
0.085441
-0.031188
-0.128973
0.012183
0.150090
0.104771
-0.033787
-0.062538
0.061238
0.052791
-0.074233
-0.034761
0.094050
0.027614
-0.074070
-0.034436
0.061076
0.063187
0.000975
0.023878
0.049055
0.080893
0.028426
-0.030213
0.034436
0.087877
0.065299
0.028913
0.070334
0.091938
0.024528
-0.002924
0.024690
-0.099085
-0.066111
0.191186
0.157400
-0.068548
-0.040121
0.144730
0.072609
-0.065136
-0.040771
0.045807
0.065949
0.005035
-0.021766
-0.028426
-0.029726
-0.019005
0.005685
-0.050355
-0.078456
0.024365
0.130435
0.050680
-0.112568
0.070984
0.184851
-0.020142
-0.056690
0.093563
0.106233
-0.034761
-0.038172
-0.010071
-0.103471
-0.072933
0.093563
-0.070010
-0.233907
0.068060
0.224485
-0.076832
-0.265744
0.116304
0.244465
-0.175917
-0.111106
0.293358
0.128649
-0.162110
0.003898
0.101522
-0.033949
-0.086903
0.086415
0.082030
-0.113705
0.000487
0.114192
0.006335
-0.027289
0.070010
0.056040
0.088852
0.100872
-0.073258
0.025827
0.233582
0.017705
-0.268505
0.049543
0.357357
0.013807
-0.226759
0.115329
0.265744
-0.114517
-0.136608
0.164384
0.091776
-0.077157
0.031350
0.055878
-0.047918
0.079106
0.087877
-0.128324
-0.037198
0.200770
0.040771
-0.192161
-0.010883
0.163410
-0.089014
-0.202394
0.131085
0.187125
-0.053928
0.001949
0.138070
-0.008609
-0.140182
0.025015
0.072446
-0.131572
-0.067573
0.201582
0.086740
-0.130598
0.080243
0.144080
-0.125887
-0.061888
0.201420
0.015594
-0.293520
-0.054416
0.161298
-0.202232
-0.302454
0.181115
0.173481
-0.199308
0.050517
0.335916
0.039147
-0.119877
0.171207
0.178354
-0.105908
-0.037360
0.199470
0.051654
-0.168283
0.018518
0.064649
-0.141806
-0.074558
0.115329
0.030538
-0.130111
0.001137
0.186638
0.091776
-0.036385
0.094700
0.145704
0.007797
-0.040771
0.030050
0.036385
-0.034111
-0.049380
-0.014944
0.089339
0.093888
0.023878
0.015756
0.025827
0.056365
0.020467
-0.013320
0.057502
0.062213
0.003736
0.055066
0.021604
-0.044020
0.057664
0.056203
-0.096649
-0.019980
0.205480
0.064487
-0.152039
0.019655
0.114517
-0.101847
-0.049380
0.154151
-0.036873
-0.205318
0.065136
0.140669
-0.283774
-0.228384
0.231145
0.094050
-0.208242
0.012183
0.191511
0.019005
0.019980
0.098436
-0.018842
-0.026152
0.239592
0.170394
-0.225135
-0.054416
0.266231
-0.108344
-0.429316
-0.004386
0.219450
-0.187613
-0.189887
0.231308
0.108832
-0.130435
0.150740
0.260059
-0.111430
-0.075857
0.367591
0.134984
-0.316586
0.073096
0.353134
-0.201095
-0.248201
0.304079
0.195409
-0.255673
-0.107370
0.158537
-0.114517
-0.177704
0.190049
0.103796
-0.161948
0.169257
0.321622
-0.075857
-0.049218
0.268343
0.110618
-0.154801
0.026314
0.181278
0.019330
-0.073746
-0.029726
0.004386
-0.051817
-0.022091
0.023391
-0.051167
0.051167
0.136608
-0.107207
-0.176567
0.123938
0.134659
-0.098111
-0.056365
0.105420
0.051654
-0.096974
-0.033787
0.001787
-0.120364
-0.025665
0.147654
0.002274
-0.119227
0.127512
0.160973
-0.159349
-0.166983
0.170557
0.197359
-0.084954
-0.041096
0.124588
0.002112
-0.130598
-0.035736
-0.013320
-0.160811
-0.016244
0.191024
-0.009584
-0.219125
0.028751
0.217988
-0.107045
-0.221886
0.108019
0.213277
-0.014132
-0.039472
0.120852
0.097461
0.062700
0.105096
0.000975
-0.026802
0.237318
0.214414
-0.151552
-0.188587
0.174455
0.179166
-0.207105
-0.074233
0.270292
0.074883
-0.165846
0.073421
0.189074
-0.069522
-0.057177
0.182252
0.096974
-0.055553
0.085441
0.120689
-0.040284
-0.001787
0.155938
0.019980
-0.107694
0.094700
-0.011858
-0.284911
-0.055878
0.126537
-0.117116
-0.189887
0.123288
0.186638
-0.095187
-0.057340
0.178029
0.080243
-0.063350
0.065299
0.102984
0.000650
0.066761
0.013320
-0.184364
-0.012183
0.114679
-0.170232
-0.246089
0.039472
0.070822
-0.233582
-0.151227
0.216851
0.048406
-0.251937
0.068060
0.307652
-0.050680
-0.139369
0.176242
0.151227
-0.066923
-0.012832
0.145379
0.124588
0.078131
0.094537
-0.061238
-0.133522
0.143268
0.137583
-0.185826
-0.085278
0.284586
0.237155
-0.131897
-0.122314
0.135633
0.090314
-0.116791
-0.059451
0.137745
0.073583
-0.018030
0.030538
0.036223
-0.000162
-0.006822
0.018030
0.043533
0.070497
0.039959
-0.037685
-0.012508
0.141968
0.080405
-0.152527
0.009584
0.286536
0.057015
-0.325845
-0.143755
0.227572
0.018518
-0.264120
-0.042720
0.258597
0.221886
-0.032162
-0.178841
-0.047756
0.209054
0.080243
-0.354921
-0.228059
0.318535
0.174780
-0.385621
-0.209379
0.289622
0.146029
-0.250800
-0.134659
0.228709
0.241054
-0.006822
-0.058477
0.150415
0.180141
0.032487
0.000487
0.061563
0.084141
0.000325
-0.056365
-0.095999
-0.128161
-0.066436
-0.013807
-0.080243
-0.057827
0.161136
0.160973
-0.111593
-0.075532
0.233582
0.168283
-0.057502
0.027452
0.214414
0.140994
-0.043533
-0.008934
0.055878
-0.000975
-0.066111
-0.044670
-0.014944
0.057015
0.072609
-0.103634
-0.102009
0.087065
0.066761
-0.076020
0.015594
