-0.083004
-0.195734
0.233419
0.103958
-0.181115
0.055553
0.173806
-0.046944
-0.111918
0.059614
0.000000
0.024365
0.060426
-0.170394
-0.149440
-0.185338
0.136608
0.396179
-0.135471
-0.106882
0.067411
-0.277439
-0.060751
0.244140
-0.146516
0.042071
0.501762
-0.052304
-0.304566
0.161461
0.078456
-0.275165
-0.045482
0.247064
-0.040934
-0.019492
0.382047
-0.201257
-0.501275
0.538148
0.484544
-0.401052
-0.007310
0.583142
0.211166
-0.327307
-0.028264
0.053279
-0.077806
0.316911
0.053766
-0.323733
-0.068385
0.283449
0.047918
-0.258109
-0.020954
0.098598
-0.009096
0.150577
0.201095
-0.136121
0.098761
0.264769
-0.051979
-0.044670
0.152851
0.036873
-0.186963
-0.048406
-0.067573
-0.184526
-0.003574
0.112405
-0.052954
-0.046781
0.155288
-0.007147
-0.079431
0.088527
-0.000162
-0.015919
0.117441
-0.038497
-0.102172
0.122151
0.174618
-0.060101
-0.222374
0.299043
0.304728
-0.708217
-0.750613
0.062050
0.228546
0.185176
0.157075
-0.249175
0.416809
0.900703
-0.453356
-0.772217
0.554391
0.752237
-0.347774
-0.305865
0.494940
0.286698
-0.222211
-0.102172
-0.293195
-0.628786
0.029726
0.149115
-0.331693
0.113217
0.521092
0.009746
-0.248038
0.211815
0.198171
-0.207267
-0.021766
0.500138
0.450920
0.064162
0.049705
0.107857
0.023553
-0.235856
-0.423631
-0.109156
0.233907
0.162273
-0.012183
0.069685
0.206293
0.201582
0.068872
-0.185338
-0.169907
0.021766
-0.100547
-0.104283
0.121501
0.056690
-0.049380
-0.025177
-0.007959
-0.020629
-0.112405
-0.130273
0.054253
0.197359
0.042233
0.072609
0.271429
0.175917
-0.130923
-0.218963
-0.088202
-0.083654
0.094700
0.145379
0.367753
-0.044507
-0.879424
-0.493315
0.093725
0.412910
0.000487
-0.157562
0.368728
0.455631
-0.221399
-0.940824
-0.068710
0.950408
0.267368
-0.520442
0.215064
0.702694
0.250150
-0.289622
-0.564462
-0.300180
0.292871
0.413073
-0.475285
-0.235693
0.794633
0.310738
-0.663710
-0.337215
0.559264
0.174943
-0.344200
0.207755
0.304566
-0.038660
0.278251
0.303754
-0.144242
-0.162110
-0.012020
-0.118253
-0.047269
0.322109
0.037035
-0.398291
0.051817
0.379286
-0.094862
-0.235206
0.006173
-0.056852
0.016081
-0.007634
-0.172019
0.142293
0.435651
0.061725
-0.286373
-0.030700
0.209054
0.002599
-0.223186
-0.001787
0.140506
-0.059451
0.002274
0.130273
-0.020142
-0.113542
-0.114029
-0.162760
0.036873
0.260221
0.181278
0.005685
-0.145217
0.047918
0.125400
0.057827
0.133684
-0.044670
0.037523
0.139694
-0.312038
-0.577782
-0.061400
0.344687
0.059289
-0.070334
0.064812
0.097136
0.126050
0.019817
-0.296119
-0.149765
0.371814
0.513133
0.266556
-0.013969
0.056690
0.088202
-0.149765
-0.209866
-0.108182
-0.053928
0.005035
0.143105
0.019005
-0.270779
-0.032487
0.310738
0.029888
-0.114354
0.192648
0.210841
0.009096
0.069522
0.113542
-0.095999
-0.115979
0.103796
0.118578
-0.067573
-0.062862
0.006173
-0.061238
-0.138395
-0.040446
0.084954
0.013807
0.177217
0.334941
0.063025
-0.119877
-0.027939
0.002437
-0.192810
-0.255673
0.002112
0.117765
0.024365
0.028751
0.044507
-0.101197
-0.015106
0.108669
-0.098923
-0.191511
-0.396342
0.216851
1.160112
0.606695
-0.134171
-0.332667
-0.233907
-0.001137
-0.121501
-0.752400
-0.449620
0.955768
0.538635
-0.794958
-0.313662
0.563812
0.036873
-0.524828
-0.149603
0.211978
0.210516
0.392768
0.324708
-0.169745
0.152851
0.330231
-0.359956
-0.408199
0.294332
0.220912
-0.369865
-0.039959
0.307002
-0.057502
-0.174455
0.086415
-0.048568
-0.209379
0.093725
0.274028
0.120689
0.133034
0.115004
-0.043533
0.195409
0.167308
-0.125725
-0.057502
0.036223
-0.190536
-0.150577
0.268343
0.039472
-0.155450
0.084954
-0.019330
-0.181602
0.097461
0.231632
-0.212952
-0.089339
0.358169
0.026802
-0.202719
0.158699
0.249175
-0.093400
-0.125075
0.020792
-0.065299
0.085928
0.143593
-0.203044
-0.406900
-0.263795
0.188425
0.590614
0.173318
-0.199308
0.187613
-0.246089
-0.295632
0.325358
-0.377174
-0.267368
0.879261
0.358494
-0.599061
-0.024853
0.517518
-0.372789
-0.708542
0.228871
0.114192
-0.259246
0.497864
0.207755
-0.602959
0.187125
0.627324
-0.348098
-0.386920
0.621314
0.423468
-0.408362
0.001787
0.371002
-0.154801
-0.026152
0.207755
-0.314312
-0.200120
0.267856
-0.030050
-0.180953
0.141643
-0.024853
-0.182740
0.342576
0.381398
-0.072121
0.102821
0.302129
-0.076507
-0.051330
0.285723
-0.052467
-0.243490
0.206130
0.163247
-0.391794
-0.156100
0.416646
-0.075695
-0.400727
0.101847
0.135958
-0.183389
-0.058477
0.155288
-0.040121
-0.007472
0.165684
0.097624
0.025502
0.169420
0.091451
-0.099735
0.138720
-0.042233
-0.556990
-0.485194
0.166009
0.218800
-0.094862
-0.058314
0.133034
0.654289
0.208892
-0.610431
-0.147816
0.527589
0.223348
-0.405113
-0.040121
0.414534
0.146679
-0.105745
-0.189399
-0.337053
-0.353296
-0.058477
-0.041908
-0.089014
0.281987
0.379124
0.054091
0.103634
0.259571
-0.024040
-0.258434
0.047918
0.494290
0.242028
-0.124263
0.057827
0.225135
0.018518
-0.312038
-0.378311
-0.116304
0.137583
0.086740
-0.024853
0.046944
0.251774
0.263795
-0.008122
-0.154313
-0.003411
0.067898
-0.070172
0.021279
0.088852
0.001462
-0.011208
-0.080081
-0.011533
-0.038984
-0.213440
-0.068060
0.096486
-0.031837
-0.001462
0.208404
0.124100
-0.007797
0.090639
0.059614
-0.059614
0.163897
0.233582
0.323896
-0.027452
-0.847911
-0.444910
0.114517
0.181602
0.166821
-0.121339
-0.095349
0.447184
0.098111
-1.114955
-0.415347
1.130061
0.434514
-0.683365
0.255835
0.934977
0.076345
-0.319835
-0.140182
-0.327144
-0.069522
0.544483
-0.168770
-0.409337
0.634634
0.405763
-0.641619
-0.423306
0.459691
0.044182
-0.437438
0.207592
0.419408
0.035248
0.159186
0.315287
-0.077806
-0.141643
-0.125887
-0.269805
0.038010
0.300505
-0.034111
-0.162273
0.252911
0.290434
-0.046781
-0.072933
0.015594
-0.227572
-0.123776
0.136121
-0.069847
0.005848
0.318373
0.091938
-0.322271
-0.026964
0.262495
-0.121014
-0.187775
0.205156
0.172831
-0.063350
0.129461
0.268343
-0.105745
-0.305216
-0.079431
-0.160648
-0.099735
0.160973
0.155288
-0.026639
-0.320809
-0.246252
0.009096
0.272891
0.203856
-0.095837
0.026802
0.202232
-0.080243
-0.489904
-0.071471
0.466351
0.159511
-0.092913
0.135958
0.204831
0.100060
-0.010071
-0.274515
-0.167308
0.426880
0.550980
-0.071796
-0.323571
0.218963
0.245439
-0.419083
-0.443448
0.191186
0.266881
-0.076994
0.065136
-0.030863
-0.164709
0.230983
0.279388
0.020142
-0.130273
0.104446
0.340789
0.108344
-0.088852
-0.066923
-0.060263
-0.043695
0.026314
-0.088852
-0.132222
-0.003249
-0.072446
-0.211328
-0.100710
0.103471
0.169745
0.282312
0.236506
0.022578
0.018030
0.078781
-0.016081
-0.154476
-0.074070
0.079106
0.002761
-0.093725
0.007310
0.007959
-0.169745
-0.235531
-0.142780
0.031025
0.090476
-0.220424
0.006010
0.756948
0.550005
0.024365
-0.109156
-0.149440
0.075370
0.273053
-0.394230
-0.753374
0.459367
0.698471
-0.578919
-0.540909
0.419732
0.144730
-0.356220
-0.005035
-0.025502
-0.146192
0.425093
0.423956
-0.120364
0.177542
0.419895
-0.134659
-0.324221
0.155288
0.162760
-0.314799
0.059289
0.452869
-0.128811
-0.321946
0.086415
-0.020629
-0.245277
0.046132
0.084791
-0.055390
0.173806
0.230495
-0.041908
-0.040609
0.146841
0.078456
-0.079593
-0.028264
0.026314
-0.041259
0.102497
0.068223
-0.138882
-0.145542
-0.034924
0.093238
0.069360
-0.034599
-0.096974
0.030538
0.145055
-0.042720
-0.143755
-0.008122
0.218150
0.204019
-0.166009
-0.071634
0.160161
0.076832
-0.102334
-0.104446
-0.249013
-0.538797
0.444098
1.056316
0.199470
-0.153501
-0.012670
-0.435813
-0.238292
0.451245
-0.640807
-0.636096
1.382973
0.704481
-1.151665
-0.236830
0.826145
-0.351022
-0.831668
0.209866
0.210516
-0.140831
0.629599
0.343713
-0.616441
0.270292
0.601172
-0.519630
-0.524341
0.421519
0.401865
-0.389032
0.004061
0.398616
-0.049705
0.025177
-0.030700
-0.237155
-0.109806
-0.059776
-0.034436
0.213440
0.303266
-0.089989
-0.085278
0.409499
0.293683
-0.284586
-0.174293
0.160648
-0.065136
-0.018680
0.233744
-0.070659
-0.121339
0.242191
-0.004873
-0.391144
-0.042396
0.394392
0.053441
-0.237480
0.084141
0.092750
-0.162760
-0.041583
0.108669
-0.021604
-0.046619
0.050030
-0.013969
0.006173
0.041908
-0.211978
-0.110293
0.067411
-0.118253
0.217663
0.281825
-0.161948
-0.028426
0.112243
-0.122963
-0.125075
0.210841
0.387895
0.192973
-0.032000
-0.045482
0.010721
-0.107045
-0.195734
0.005523
-0.008284
0.032162
-0.009584
-0.102009
-0.089502
-0.531813
-0.100710
0.599386
0.167958
-0.053441
0.407387
0.486656
0.030213
-0.206780
-0.034924
-0.055553
0.135796
0.460341
-0.070172
-0.353784
0.076832
0.245764
-0.261521
-0.540909
0.023878
0.268830
0.115654
0.192161
0.074558
0.043045
0.264120
0.017705
-0.197846
0.056852
0.253074
0.080405
-0.143268
-0.084304
-0.045644
-0.134984
-0.144892
-0.014619
-0.014944
-0.026802
0.041421
-0.030863
0.003736
-0.079106
0.013157
0.242191
0.053441
0.035086
0.123126
0.104771
0.036223
-0.047269
-0.209866
0.053116
0.655588
-0.223348
-1.175218
-0.269155
0.531325
0.109969
-0.153826
-0.109969
0.055553
0.766531
0.198496
-1.096924
-0.225947
1.127300
0.221237
-0.786673
0.274190
0.841739
-0.012183
-0.223673
-0.127024
-0.526452
-0.205156
0.387408
-0.101684
-0.120689
0.549031
0.289784
-0.311226
-0.126212
0.333642
-0.069522
-0.295632
0.345824
0.486006
0.079593
0.056203
0.192323
-0.073096
-0.322596
-0.399590
-0.292221
0.099085
0.259896
-0.040609
-0.122151
0.182415
0.165521
-0.014457
0.036873
0.061076
-0.016731
0.174293
0.223186
-0.057502
0.058639
0.239754
-0.063999
-0.230171
0.098111
-0.034599
-0.356545
-0.042720
0.102984
-0.128649
-0.086253
0.133847
0.207755
0.121339
-0.076020
-0.315936
-0.143593
0.268668
0.163247
0.221562
-0.108994
-0.639345
-0.182252
0.384646
0.279226
-0.359631
-0.011533
0.575020
0.043857
-0.627974
-0.494128
0.442311
0.618878
-0.120202
-0.158212
0.306840
0.355733
0.215714
-0.173968
-0.467163
-0.113217
0.460666
0.262982
-0.562026
-0.138882
0.686451
0.030700
-0.690999
-0.143755
0.460179
-0.016081
-0.203531
0.179491
-0.002112
0.008447
0.397316
0.298718
-0.170070
-0.243815
0.069197
0.161623
0.116466
0.107207
-0.085116
-0.083654
0.175430
0.029076
-0.213440
-0.088202
0.018680
-0.015431
0.061238
-0.056365
-0.102659
0.309439
0.296444
-0.231308
-0.250150
0.157725
0.164872
-0.069522
0.017868
0.119390
-0.095999
-0.059776
0.158699
0.040446
-0.169745
-0.139207
-0.094700
-0.087228
0.055228
0.082842
0.039147
-0.076507
0.117116
0.387733
0.171207
-0.031025
-0.155938
0.010071
0.136770
-0.307490
-0.568685
0.060588
0.554066
0.039472
-0.206293
0.150577
0.161623
-0.060588
-0.035736
-0.171856
-0.221562
0.282800
0.518330
0.167146
-0.065786
0.126537
0.111593
-0.240891
-0.200932
0.013969
-0.106395
-0.054091
0.124425
-0.003411
-0.213115
-0.042883
0.277602
0.108182
-0.010396
0.186151
0.181278
0.047756
0.112568
0.066923
-0.105908
0.067248
0.159999
-0.021117
-0.051330
-0.046132
-0.214414
-0.110131
0.019330
-0.125237
-0.060263
0.134009
0.206780
0.161948
0.094862
-0.017705
-0.039959
-0.001299
-0.042233
-0.098598
-0.083979
0.084141
0.102659
-0.078943
-0.095999
-0.010396
0.023553
0.022903
-0.161948
-0.184201
-0.430616
-0.209541
1.028052
1.031950
0.176729
-0.250150
-0.279388
-0.061725
-0.013482
-0.567873
-0.911424
0.562838
1.160761
-0.512970
-0.790897
0.529376
0.370839
-0.676542
-0.524665
0.174780
0.280850
0.351510
0.506960
-0.052142
0.014132
0.628624
-0.091126
-0.703019
0.088690
0.560401
-0.213440
-0.386596
0.329256
0.094212
-0.323408
-0.016081
0.020142
-0.259734
-0.102009
0.283774
0.254861
0.100547
0.031512
-0.041259
0.165197
0.332830
-0.005685
-0.187937
0.106882
0.031350
-0.242516
0.041096
0.142131
-0.083979
0.022416
0.083654
-0.165034
-0.218475
0.179816
0.071959
-0.310576
0.089502
0.299693
-0.031837
0.027776
0.247714
0.034436
-0.186151
-0.064812
-0.009096
0.037523
0.145055
-0.012020
-0.240242
-0.307165
0.054578
0.489904
0.073746
-0.105745
0.169095
-0.336728
-0.177866
0.358657
-0.373276
-0.341764
0.704806
0.335591
-0.426717
0.045319
0.414859
-0.232120
-0.491041
0.113217
-0.037847
-0.259409
0.432077
0.193785
-0.563163
0.149440
0.610756
-0.271916
-0.359956
0.408524
0.430616
-0.123126
-0.050842
0.235531
0.105908
0.183714
0.105258
-0.291571
-0.142780
0.214902
0.105420
-0.103146
-0.008122
0.038335
-0.122639
0.094862
0.206780
-0.071959
-0.028101
0.214414
-0.009584
-0.147816
0.194597
0.147491
-0.107207
-0.024365
0.179491
-0.069522
-0.145217
0.135471
0.007310
-0.228384
-0.062700
0.142456
-0.068872
-0.037847
0.109806
0.074070
0.010558
-0.043208
-0.021117
0.049055
0.199633
0.020792
-0.044020
0.298068
-0.093563
-0.815749
-0.457905
0.256485
0.136608
-0.032487
0.112730
0.146841
0.543508
0.184526
-0.685639
-0.100385
0.694248
0.266231
-0.367591
0.089664
0.539285
0.042883
-0.293358
-0.280038
-0.386920
-0.342738
-0.018030
-0.082030
-0.085603
0.417783
0.331205
-0.163247
0.063837
0.408849
0.016893
-0.202881
0.173481
0.465052
0.252262
-0.040121
0.064812
0.013969
-0.149765
-0.237643
-0.358494
-0.230983
0.090639
0.098436
-0.118903
0.043857
0.278089
0.259571
0.137095
-0.028913
-0.011533
0.130111
-0.003249
0.041908
0.223186
0.081380
0.011858
-0.016406
0.000975
-0.179653
-0.313662
-0.102984
0.030050
0.040609
0.017381
0.166658
0.190699
-0.001949
-0.202557
-0.226110
-0.057827
0.105420
-0.045969
0.334454
0.478859
-0.803567
-0.799831
0.135471
0.403489
0.174293
-0.040446
0.192323
0.448321
0.355895
-0.741516
-0.754511
0.722024
0.812501
-0.389682
-0.285236
0.686126
0.440687
-0.320647
-0.527914
-0.384971
-0.081867
0.452869
-0.037035
-0.479509
0.460179
0.581193
-0.365479
-0.591589
0.202232
0.358169
-0.190536
-0.040284
0.313175
0.205968
0.112892
0.185338
-0.003898
-0.143593
-0.085603
-0.105583
0.073746
0.278576
0.107370
-0.110293
-0.027776
0.199145
0.112730
-0.132222
-0.081380
-0.043695
-0.017381
-0.065786
-0.163085
-0.002112
0.181115
0.065136
-0.200932
-0.087715
0.089339
0.037360
-0.011858
0.004873
0.145867
0.186963
-0.005523
0.068060
0.102334
-0.271267
-0.314150
-0.140344
-0.052629
0.128973
0.331205
0.058314
-0.261033
0.039147
0.161136
0.051005
0.013807
0.099573
0.225460
0.038984
-0.261845
-0.262982
0.084466
0.203369
-0.022254
-0.090964
0.119552
0.141968
0.006010
0.001787
-0.126537
-0.150090
0.258922
0.496239
-0.006010
-0.211653
0.276627
0.177704
-0.349885
-0.329418
0.073746
0.165359
0.020954
0.039797
-0.099573
-0.119227
0.178841
0.164709
-0.087553
-0.065136
0.146516
0.196709
0.141968
0.066598
0.048406
0.008609
0.004386
0.009909
-0.124100
-0.069847
0.035248
-0.012020
-0.132060
-0.127836
-0.005198
0.054091
0.188750
0.177379
-0.004873
-0.028913
0.009259
-0.026314
-0.113705
-0.185988
-0.050030
0.132060
0.018518
-0.022254
0.128161
0.100872
-0.147654
-0.155775
0.104283
0.049543
-0.154313
-0.212303
0.349560
0.854084
0.475448
-0.066436
-0.435976
-0.299530
0.128324
-0.062375
-0.893556
-0.503549
1.055503
0.615467
-0.903951
-0.205643
0.718775
-0.003411
-0.365317
-0.055715
0.034599
0.103146
0.497376
0.263957
-0.159024
0.269642
0.297906
-0.269805
-0.360606
0.059776
0.065786
-0.204993
0.013482
0.209054
-0.060751
-0.163085
-0.043045
0.026639
0.050192
-0.114029
-0.012670
0.330880
0.227247
-0.076832
0.017056
0.202881
0.100385
-0.088202
-0.103146
-0.003411
-0.046619
-0.026152
0.074883
-0.009909
-0.028589
0.009096
-0.054416
-0.032000
0.105258
0.135958
-0.061888
-0.103146
0.122801
0.071796
-0.204831
-0.080730
0.230008
0.145055
-0.102497
-0.063675
0.043533
0.024690
0.045157
-0.165034
-0.316261
-0.222699
-0.090964
0.385134
0.719912
0.345662
-0.040284
-0.125237
-0.553254
-0.128486
0.460504
-0.604908
-0.192810
1.278527
0.184039
-1.033900
-0.051167
0.591751
-0.475285
-0.704968
0.336728
0.174130
-0.130760
0.541071
0.098923
-0.524341
0.388382
0.607183
-0.337540
-0.263145
0.528239
0.364992
-0.289784
-0.104608
0.125237
-0.090151
0.001299
-0.021766
-0.286211
-0.125725
0.078294
0.036710
0.166496
0.084141
-0.150740
0.110293
0.420220
0.063675
-0.200607
0.152527
0.109156
-0.108669
0.135471
0.217988
-0.095674
-0.212465
0.097136
-0.075857
-0.523366
-0.040446
0.438412
-0.070334
-0.266069
0.215714
0.164384
-0.099573
0.094212
0.211491
0.013157
-0.050355
0.127187
0.079431
-0.093075
0.003411
-0.034436
-0.113705
0.020792
0.054091
-0.135471
-0.304241
-0.107370
0.074558
-0.037685
-0.191349
0.043533
0.653152
0.517843
-0.276302
-0.141481
0.337053
0.122151
-0.315774
-0.134984
0.279713
0.130273
0.019980
-0.108019
-0.226272
-0.453519
-0.392606
0.115004
0.192161
0.216364
0.263957
0.231795
0.292871
0.153826
-0.175755
-0.170557
0.078619
0.402189
0.294170
-0.184526
0.038335
0.255186
-0.079268
-0.357682
-0.306028
-0.103634
0.095187
0.175430
0.066274
-0.027939
0.042233
0.201907
-0.036061
-0.084629
0.188262
0.156587
0.005848
0.005523
0.069685
-0.097948
-0.099573
-0.065299
-0.022741
0.033462
-0.083492
0.000000
-0.019980
-0.102334
0.013320
0.011046
-0.034111
0.090964
0.058477
-0.115816
-0.066761
0.081218
-0.023878
0.270942
0.255348
-0.745415
-0.546107
0.271916
0.166334
0.093075
0.211491
-0.030863
0.257622
0.473336
-0.577782
-0.509721
0.820297
0.628299
-0.561701
-0.132872
0.804541
0.118578
-0.431915
-0.126212
-0.364342
-0.509234
0.156425
0.041259
-0.339977
0.374900
0.572746
-0.206780
-0.412748
0.275652
0.267531
-0.287673
-0.003249
0.415347
0.343713
0.254049
0.310576
0.064649
-0.176242
-0.181765
-0.266718
-0.100710
0.146192
0.031675
-0.090151
0.117928
0.194110
-0.043370
-0.004711
0.111918
-0.148141
-0.094375
0.179978
0.055066
0.022741
0.205156
0.003736
-0.323246
-0.012832
0.151714
-0.260384
-0.155613
0.172506
-0.040609
-0.084466
0.101522
0.109156
-0.006822
-0.072446
-0.079106
-0.221562
0.075857
0.247226
0.237155
0.198333
-0.384809
-0.423793
0.132710
0.374413
-0.005035
-0.184364
0.146841
0.202232
-0.171531
-0.576970
-0.238455
0.461316
0.230658
-0.231795
0.086903
0.311551
0.279226
0.141156
-0.232120
-0.308627
0.199958
0.535386
-0.092426
-0.483569
0.213765
0.420545
-0.319835
-0.435164
0.187288
0.210191
-0.146679
0.043533
-0.001137
-0.134009
0.358819
0.454331
0.068385
-0.094537
0.037847
0.169745
0.099735
0.020954
-0.069522
-0.132222
0.020629
0.119390
-0.126537
-0.185826
-0.002437
-0.084304
-0.075857
0.072933
-0.018842
0.061725
0.367591
0.158212
-0.232282
-0.062862
0.144892
-0.019980
-0.055066
0.058639
-0.004386
0.016081
0.070334
-0.117441
-0.201744
0.000162
-0.051654
-0.227084
0.021929
0.302617
0.014294
-0.220424
0.388382
0.565599
0.134821
-0.039797
-0.259896
-0.149928
0.152851
-0.248526
-0.779526
-0.011208
0.730633
-0.024203
-0.433864
0.147166
0.245439
-0.143593
-0.130273
-0.131897
-0.111430
0.403651
0.547569
0.159186
0.141806
0.301480
-0.005035
-0.314312
-0.106233
0.036873
-0.177704
-0.077806
0.189887
-0.011695
-0.260871
-0.076020
0.008609
-0.021117
0.127187
0.055878
0.068060
0.252587
0.179653
-0.004061
-0.005848
0.114842
0.189399
0.074070
-0.081705
-0.081218
-0.107532
0.015756
-0.031675
-0.182090
-0.035898
0.041908
0.084629
0.134334
0.048081
-0.148303
-0.084304
0.106557
0.012345
-0.123938
-0.023391
0.229358
0.167146
-0.141968
-0.057827
0.076345
-0.093888
-0.007310
0.055228
-0.224648
-0.659974
-0.052304
1.148416
0.732258
0.019655
-0.148141
-0.351022
-0.237480
0.199470
-0.346961
-1.095463
0.697659
1.482708
-0.667446
-0.949271
0.744928
0.430778
-0.962915
-0.518980
0.301317
0.057340
0.285723
0.642593
-0.171531
-0.134984
0.714390
-0.034599
-0.878612
-0.033949
0.646817
-0.219287
-0.394068
0.463590
0.195572
-0.291084
-0.001462
0.014782
-0.268018
-0.071634
0.212140
0.225947
0.322921
0.134659
-0.187288
0.086740
0.383347
-0.019655
-0.306515
0.090964
0.167795
-0.081705
0.141643
0.091451
-0.260708
0.027452
0.196871
-0.221724
-0.311875
0.267043
0.298556
-0.316586
-0.105745
0.236993
-0.068548
-0.150902
0.205968
0.151065
-0.225460
-0.036710
0.160323
-0.024040
-0.001137
0.040121
-0.069197
-0.230008
0.012670
0.519792
0.031188
-0.263470
0.166658
-0.193135
-0.371814
0.212790
0.012995
-0.266231
0.405763
0.284099
-0.332505
0.001949
0.289622
-0.097461
-0.213765
0.135796
0.048568
-0.127999
0.230495
0.046132
-0.512158
0.148141
0.627974
-0.204343
-0.263957
0.466189
0.355570
-0.228221
-0.200120
0.113867
-0.041096
0.147654
0.247551
-0.270292
-0.226922
0.188750
0.153339
-0.185338
-0.137907
0.139207
0.057015
-0.008447
0.257460
0.063512
-0.059939
0.251125
0.095025
-0.074395
0.084629
0.174293
-0.052304
-0.099085
-0.021766
-0.169907
-0.124263
0.041259
0.033949
-0.089827
0.041259
0.107532
-0.047918
0.042233
0.073421
0.069035
0.157237
-0.015756
-0.141968
0.097624
0.194922
-0.020304
-0.155288
0.279226
0.244465
-0.720725
-0.636908
0.099735
0.132060
0.034436
0.131085
-0.137583
0.296119
0.691811
-0.540909
-0.577782
0.734369
0.645030
-0.411286
-0.129623
0.629761
0.215064
-0.275815
-0.246252
-0.273703
-0.442311
-0.074720
-0.071471
-0.272891
0.249175
0.400727
-0.114354
-0.238292
0.297744
0.147654
-0.264444
0.104283
0.519792
0.414372
0.091126
0.131735
0.178516
-0.036223
-0.247389
-0.312525
-0.151714
0.082355
0.125400
-0.069685
-0.052791
0.258434
0.216851
-0.064649
-0.088202
-0.026802
0.030375
-0.089014
-0.060101
0.181278
0.035086
-0.083654
0.009259
0.009909
-0.082842
-0.156263
-0.149765
-0.032487
0.170394
0.077482
0.062213
0.327632
0.220749
-0.173806
-0.163410
0.007634
-0.048731
0.035248
0.166171
0.499488
-0.149115
-0.950408
-0.394880
0.183714
0.460504
-0.062538
-0.165197
0.467326
0.564300
-0.258922
-1.003362
0.053604
0.952195
0.086415
-0.550980
0.215227
0.582980
0.149603
-0.345012
-0.602797
-0.278414
0.381235
0.330555
-0.560889
-0.019005
0.830206
0.168933
-0.474473
-0.185988
0.392281
0.163735
-0.117928
0.042071
0.087065
0.216688
0.276627
0.083654
-0.085603
-0.114029
-0.186476
-0.108344
0.118415
0.076994
-0.147004
-0.110618
0.103309
0.107694
-0.027289
-0.045807
-0.002761
-0.036548
0.017381
-0.000975
-0.059126
0.116628
0.246414
-0.006497
-0.218313
0.015594
0.113542
-0.081542
-0.094700
0.036223
0.099898
0.029563
-0.003249
0.095349
-0.022741
-0.179328
-0.151065
-0.080081
0.129136
0.253886
0.171694
0.102984
-0.050030
-0.054578
0.041746
0.098598
0.100872
-0.155288
0.009909
0.181278
-0.262495
-0.551142
-0.089827
0.420707
0.123613
-0.066111
0.129948
0.146841
0.095512
0.018680
-0.189887
-0.155613
0.303266
0.508097
0.223348
-0.070010
0.036548
0.071796
-0.203369
-0.185663
-0.011695
-0.057827
-0.059776
0.136446
0.099085
-0.253886
-0.164872
0.198983
0.065624
-0.020792
0.165846
0.159186
0.097299
0.113542
0.041746
-0.109319
-0.095512
0.042233
0.056365
-0.001624
-0.033949
-0.095999
-0.053604
-0.061238
-0.083979
0.047756
0.022416
0.082355
0.241379
0.116628
-0.093725
-0.095837
-0.035898
-0.105258
-0.067086
0.023391
0.046619
0.037847
0.052791
0.067898
-0.167958
-0.177866
0.099410
0.018193
-0.097136
-0.356383
-0.073421
1.085716
0.946185
-0.041259
-0.408199
-0.275815
0.008934
0.008609
-0.506473
-0.676867
0.629111
1.006286
-0.457580
-0.636096
0.412098
0.267368
-0.467813
-0.404463
0.083329
0.218313
0.270454
0.412260
-0.045482
0.022903
0.379448
-0.204019
-0.422819
0.184526
0.280363
-0.317561
-0.132547
0.318210
0.007959
-0.170232
0.018030
-0.041096
-0.150415
0.069035
0.161136
0.052467
0.173318
0.208242
-0.135471
-0.015594
0.302454
-0.004873
-0.159024
0.068385
-0.081218
-0.306353
0.165521
0.275977
-0.175430
-0.061238
0.055390
-0.096486
-0.035898
0.115329
-0.117928
-0.210029
0.222699
0.119227
-0.211815
-0.013807
0.269805
0.166009
-0.162273
-0.150415
0.036061
0.164222
0.081705
-0.151552
-0.269642
-0.291733
0.081867
0.683365
0.375712
-0.221724
0.178679
-0.131735
-0.374251
0.353134
-0.344525
-0.502899
0.823871
0.530838
-0.561213
-0.179004
0.511996
-0.161623
-0.752887
0.003249
0.201420
-0.218475
0.323896
0.364342
-0.455793
0.042720
0.656888
-0.072609
-0.392118
0.329743
0.578107
-0.162273
-0.233257
0.226110
0.070172
-0.069522
0.004548
-0.127512
-0.223998
0.010233
0.106720
-0.038010
-0.089989
-0.045482
-0.033787
0.177704
0.289622
0.074720
0.117603
0.150577
0.053441
0.099085
0.182252
0.007959
-0.170232
0.083492
0.101035
-0.256810
-0.272404
0.165521
0.128811
-0.345824
-0.117603
0.092426
-0.077482
-0.012183
0.094050
-0.038010
-0.050842
0.171856
0.105096
0.007147
0.157237
0.154801
-0.044020
0.128324
0.006822
-0.490879
-0.473336
0.034599
0.226597
-0.081218
-0.041096
0.043208
0.505661
0.400727
-0.559264
-0.268018
0.525803
0.392118
-0.294820
-0.083167
0.390169
0.132872
-0.057664
-0.176405
-0.311063
-0.378961
-0.084304
0.078131
-0.090964
0.181440
0.443285
0.112568
0.078456
0.276627
-0.019330
-0.206130
0.012670
0.422169
0.169745
-0.168770
0.111106
0.153501
-0.070659
-0.260708
-0.222699
-0.149440
0.067248
0.190374
-0.007634
0.009909
0.206617
0.217663
0.038822
-0.066111
-0.033299
0.039472
-0.071471
-0.022254
0.060263
-0.069035
-0.045319
-0.096486
-0.055715
0.000975
-0.149278
-0.064812
0.188262
0.079593
-0.069522
0.216364
0.222211
-0.077319
-0.023228
0.082842
0.039472
0.044670
0.037198
0.457417
0.104608
-1.037636
-0.587365
0.235531
0.167471
0.032325
-0.011046
-0.071959
0.370839
0.219937
-1.020580
-0.507935
1.036174
0.603284
-0.542696
0.058477
0.879749
0.263470
-0.392118
-0.351834
-0.295794
-0.000975
0.444423
-0.126375
-0.303104
0.629111
0.462940
-0.580056
-0.472849
0.378311
0.145867
-0.372301
0.095999
0.448483
0.240242
0.195085
0.257297
0.017218
-0.113217
-0.178354
-0.312850
0.011046
0.252099
-0.068710
-0.239592
0.151552
0.347611
0.011695
-0.164222
-0.055715
-0.054416
-0.044020
-0.018193
-0.050517
0.151390
0.302454
0.030538
-0.350535
-0.074883
0.258434
-0.099735
-0.134659
0.105908
0.123613
0.071471
0.079756
0.152689
-0.023716
-0.217176
-0.199470
-0.155450
0.010233
0.137258
0.110943
0.105420
-0.215064
-0.419083
-0.134821
0.284099
0.282312
-0.071309
0.030700
0.182090
-0.019330
-0.407550
-0.302454
0.353296
0.365479
-0.047431
0.034436
0.216851
0.161136
0.039634
-0.246414
-0.287348
0.241216
0.615629
0.119715
-0.370027
0.074070
0.275490
-0.294332
-0.486006
0.009421
0.234394
-0.016893
0.064649
0.044345
-0.105583
0.176567
0.258434
0.044670
0.021279
0.145055
0.124263
0.123613
0.150252
-0.078619
-0.220262
-0.022903
0.113217
-0.021441
-0.073421
0.014132
-0.062538
-0.156100
-0.042720
0.008447
0.024528
0.303104
0.297256
-0.049705
0.003736
0.158699
-0.023228
-0.211653
-0.097624
0.081542
0.011695
-0.124913
-0.084954
-0.026152
-0.119065
-0.264282
-0.234231
0.052791
0.266394
0.014132
-0.268505
0.430128
0.870327
0.184201
-0.168120
-0.188912
-0.150252
0.216364
0.031512
-0.832642
-0.266069
0.950895
0.050842
-0.919058
0.084141
0.542858
-0.303266
-0.249663
0.148141
-0.176405
0.065949
0.631060
0.175917
-0.098111
0.409012
0.175917
-0.361256
-0.065624
0.269642
-0.179166
-0.238942
0.375875
0.209541
-0.327794
-0.147329
0.084791
-0.103309
-0.048568
0.027127
0.038497
0.280201
0.166171
-0.094537
0.080405
0.138557
-0.036710
0.023553
0.078456
-0.048243
-0.107207
0.075857
0.054578
-0.115167
-0.049543
-0.105420
-0.088527
0.176567
0.193623
-0.121826
-0.140994
0.201095
0.131897
-0.185338
-0.089339
0.177054
0.249988
0.028589
-0.166334
-0.042396
0.054578
0.012345
-0.059451
-0.307165
-0.550005
0.203206
1.034874
0.419408
-0.151065
-0.059614
-0.398941
-0.388382
0.374575
-0.357520
-0.912073
1.074346
1.126325
-0.898591
-0.486981
0.818998
-0.091451
-1.016844
0.034924
0.245277
-0.376362
0.426067
0.657375
-0.513620
-0.149928
0.778227
-0.126862
-0.736968
0.244627
0.647791
-0.303104
-0.219612
0.515894
0.121826
-0.056203
0.178679
-0.077157
-0.202881
0.008122
0.033137
0.046781
0.155126
-0.007310
-0.204831
0.158537
0.339489
-0.162273
-0.204831
0.166171
-0.009259
-0.125400
0.335753
0.164222
-0.288810
0.115979
0.273378
-0.286860
-0.232607
0.427367
0.207105
-0.310576
-0.010396
0.173968
-0.201420
-0.222536
0.157562
0.094700
-0.136608
0.036223
0.131410
-0.076832
-0.000162
-0.019655
-0.152527
-0.017381
-0.084791
0.219450
0.327632
-0.155288
-0.088690
0.089827
-0.118578
-0.160161
0.097624
0.273053
0.258109
-0.006660
-0.106882
0.065299
-0.062375
-0.200120
-0.038010
0.019655
-0.065624
0.015919
0.032325
-0.170070
-0.452382
-0.103471
0.527427
0.186476
-0.084304
0.268993
0.440524
0.119227
-0.205643
-0.056852
-0.045644
0.119227
0.470575
0.112080
-0.300180
-0.026152
0.188100
-0.153989
-0.468625
-0.159349
0.180465
0.121501
0.223998
0.111106
-0.050517
0.200607
0.160323
-0.071309
0.009584
0.243815
0.163410
-0.038984
-0.055715
-0.078456
-0.078619
-0.083654
-0.095837
-0.015756
0.057340
0.065136
-0.103634
-0.107207
0.053116
-0.048568
0.049543
0.060101
-0.003898
0.148628
0.137907
0.042233
-0.039147
-0.123126
0.147166
0.599386
-0.312200
-1.181228
-0.204831
0.437925
0.003249
-0.068710
-0.119065
0.004386
0.854084
0.196547
-1.092864
-0.136608
1.076295
0.219450
-0.671994
0.259571
0.765557
-0.000975
-0.097786
-0.068710
-0.605558
-0.235693
0.336890
-0.180953
-0.204343
0.457905
0.230495
-0.305865
-0.071309
0.274515
-0.077319
-0.232607
0.378961
0.496727
0.059289
0.106395
0.209704
-0.058314
-0.257297
-0.336241
-0.294170
0.076345
0.318048
-0.046619
-0.227896
0.155450
0.183064
-0.087390
-0.006173
0.014944
-0.066923
0.152527
0.300505
0.024040
-0.082842
0.245439
0.119877
-0.235044
0.017381
0.101035
-0.253236
-0.106557
0.137095
-0.133684
-0.102821
0.234069
0.153339
-0.028101
0.071796
-0.138070
-0.328769
0.175430
0.307327
0.173968
-0.207105
-0.678167
-0.318860
0.310251
0.448159
-0.315449
-0.205968
0.721862
0.320485
-0.673943
-0.614655
0.480646
0.725760
-0.090476
-0.206130
0.228546
0.367266
0.302942
-0.191024
-0.659487
-0.140344
0.610756
0.165521
-0.661761
-0.090639
0.668583
-0.019167
-0.642756
-0.159999
0.357032
0.046781
-0.109806
0.234719
0.030050
0.058477
0.412423
0.237805
-0.156912
-0.264769
-0.083979
0.043208
0.131410
0.076020
-0.070334
-0.044345
0.161136
0.146679
-0.149928
-0.169420
0.023553
0.099085
0.060913
-0.073096
-0.043857
0.333642
0.289135
-0.256810
-0.236343
0.107694
0.038984
-0.121989
-0.004873
0.064324
-0.055715
-0.041908
0.091938
0.095674
-0.091289
-0.119877
-0.028426
-0.015594
0.069360
0.156750
0.102659
-0.141643
0.078456
0.446697
0.171694
-0.067898
-0.124913
-0.000325
0.075857
-0.278739
-0.536848
-0.076182
0.482107
0.194922
-0.149278
-0.024365
0.182740
0.132872
-0.085928
-0.285074
-0.155938
0.312200
0.410636
0.219125
0.039634
-0.004223
-0.007310
-0.120364
-0.176729
-0.142780
-0.074070
0.005685
0.149928
0.092588
-0.209054
-0.137583
0.280201
0.234881
-0.128324
-0.024690
0.228546
0.125562
-0.002924
0.024040
-0.013157
0.001137
0.154638
0.108019
-0.097624
-0.149440
-0.116953
-0.075857
-0.090801
-0.173318
-0.009421
0.149603
0.075207
0.215714
0.223836
-0.104608
-0.080243
0.157725
-0.000812
-0.220424
-0.035248
0.180628
0.094862
-0.045157
-0.013320
-0.028589
0.006497
0.195897
-0.061563
-0.356708
-0.421194
-0.126862
0.805678
0.902977
0.215551
-0.269480
-0.253561
-0.006497
-0.048568
-0.472524
-0.798531
0.463103
1.139482
-0.370190
-0.768968
0.455793
0.436301
-0.530838
-0.528889
0.029076
0.320160
0.390007
0.383022
-0.073908
-0.025665
0.473011
-0.109319
-0.658512
-0.018518
0.556015
-0.062213
-0.387733
0.222211
0.224973
-0.195085
-0.157725
-0.043857
-0.099085
-0.049218
0.093563
0.221074
0.237805
0.038497
-0.148141
0.071147
0.306028
0.022254
-0.233419
-0.063675
0.040609
-0.152689
-0.041259
0.089014
-0.075045
0.099085
0.143268
-0.149603
-0.113542
0.232770
0.078131
-0.292871
0.104283
0.263957
-0.125887
0.025665
0.304891
0.028264
-0.243978
-0.017868
0.013320
-0.004061
0.215227
-0.051654
-0.272404
-0.160323
-0.050192
0.293520
0.297581
-0.020629
0.090476
-0.221074
-0.323246
0.357032
-0.102659
-0.446209
0.554878
0.560564
-0.249175
-0.114679
0.286698
-0.066274
-0.459204
-0.087228
0.042720
-0.184039
0.275328
0.297256
-0.473661
-0.063675
0.598249
-0.140994
-0.475610
0.292058
0.493803
-0.055878
-0.038822
0.256810
0.073421
0.186476
0.299206
-0.258272
-0.304566
0.243003
0.113055
-0.232445
-0.093563
0.065949
-0.170882
-0.082355
0.316099
-0.019005
-0.134659
0.228059
0.115816
-0.148466
0.099735
0.208079
-0.110293
-0.002112
0.182090
-0.022741
-0.157075
0.123938
0.077319
-0.239754
-0.153826
0.053441
-0.050842
-0.121826
0.072933
0.016893
0.043857
0.052304
-0.059776
-0.013645
0.212790
0.210678
-0.092101
0.208567
0.087065
-0.681903
-0.608807
0.139857
0.295145
-0.031025
0.027939
0.168283
0.580381
0.266394
-0.643893
-0.194110
0.647791
0.334291
-0.308464
0.007959
0.426880
0.209379
-0.128324
-0.305703
-0.410961
-0.243653
0.012832
-0.144242
-0.136121
0.304728
0.372626
-0.128811
-0.000975
0.373601
0.008284
-0.153339
0.196222
0.362880
0.214090
0.030050
-0.004873
0.052791
-0.077969
-0.356870
-0.340302
-0.079756
0.009096
-0.043045
0.007147
0.140831
0.237967
0.258109
0.196547
0.044020
-0.055715
0.096162
-0.021441
-0.105745
0.222861
0.121014
-0.119390
-0.058639
0.055878
-0.131897
-0.308139
-0.131735
0.002761
0.024690
-0.049868
0.155938
0.273703
-0.029401
-0.156425
-0.034924
-0.069847
-0.019167
0.057340
0.246089
0.496402
-0.570797
-1.027890
-0.165846
0.339977
0.310251
-0.047431
0.052954
0.426880
0.547894
-0.504361
-0.949596
0.490879
0.976885
-0.140019
-0.383509
0.542371
0.600685
-0.070010
-0.482432
-0.479509
-0.188100
0.452219
0.129298
-0.610919
0.305378
0.714552
-0.287835
-0.693436
0.095999
0.418433
-0.170557
-0.021279
0.403326
0.175268
0.052954
0.313337
0.088852
-0.247876
-0.081542
-0.023228
-0.035086
0.222699
0.214090
-0.188262
-0.133522
0.217663
0.150252
-0.174293
-0.111430
0.020467
-0.067248
-0.020467
-0.051817
-0.052142
0.115979
0.189399
-0.133359
-0.230008
0.096324
0.038497
-0.154313
-0.016568
0.134984
0.081380
-0.005685
0.080081
0.111268
-0.203694
-0.252262
-0.077482
-0.048568
0.080243
0.352809
0.242191
-0.325033
-0.182252
0.246414
0.119715
-0.041259
0.025177
0.164547
0.130435
-0.122639
-0.355570
-0.135146
0.234719
0.150902
-0.147816
-0.036873
0.235856
0.082192
-0.070822
-0.095999
-0.174455
0.125562
0.560401
0.186800
-0.293033
0.168283
0.343713
-0.297906
-0.440687
0.082355
0.220587
-0.011533
0.108019
0.095025
-0.129948
0.133197
0.318210
-0.051167
-0.251774
0.099735
0.233257
0.009421
0.057989
0.182902
-0.002437
-0.119390
0.120689
-0.016081
-0.235531
0.035248
0.122801
-0.144892
-0.241379
0.025340
0.081380
0.070822
0.233257
0.098923
-0.084954
0.036223
0.087228
-0.129623
-0.207267
-0.074233
0.061725
-0.020629
-0.052629
0.080243
0.039959
-0.074233
-0.153826
0.000812
0.048731
-0.108994
-0.273053
0.134821
0.828582
0.538148
0.058314
-0.321134
-0.427854
0.070010
0.116466
-0.740867
-0.791384
0.778389
0.864155
-0.748664
-0.442473
0.742816
0.116628
-0.399753
0.080893
0.036873
-0.063350
0.568036
0.494453
-0.255673
0.153989
0.501925
-0.247714
-0.516381
0.116953
0.190049
-0.347449
-0.117928
0.354433
-0.036385
-0.250475
0.123288
0.052954
-0.107370
0.034599
0.051005
0.130273
0.263957
0.057340
-0.039309
0.166658
0.190049
-0.027289
-0.085603
0.028589
-0.069035
-0.103796
0.103958
-0.013645
-0.203531
-0.005523
0.052954
-0.116466
0.032162
0.264120
0.008447
-0.080730
0.151065
0.015756
-0.245602
-0.063025
0.221724
0.058802
-0.078943
0.072609
0.072609
-0.038660
0.076345
-0.072446
-0.354271
-0.346474
-0.248688
0.241216
0.716989
0.305378
-0.155613
-0.015594
-0.437763
-0.339814
0.446859
-0.353296
-0.326007
1.203807
0.438575
-0.932378
-0.122151
0.577944
-0.355246
-0.743466
0.265581
0.272079
-0.211328
0.416809
0.268505
-0.560564
0.052791
0.640319
-0.192323
-0.418595
0.375712
0.484382
-0.134334
-0.094700
0.202881
-0.006660
0.031188
0.072933
-0.175105
-0.201744
-0.000650
0.088202
0.101684
0.063675
-0.151714
-0.005685
0.461803
0.206455
-0.259246
0.066761
0.231632
-0.122476
0.052791
0.310414
-0.079918
-0.191186
0.152202
0.042883
-0.430616
-0.123126
0.472361
0.001787
-0.373926
0.104283
0.123613
-0.190049
0.054578
0.183552
-0.030375
0.064487
0.173968
0.044995
-0.038822
0.044832
-0.090801
-0.179166
0.031512
-0.075207
-0.114029
-0.184851
-0.166334
0.001462
0.017705
-0.059451
-0.153014
0.485843
0.715527
-0.151877
-0.297094
0.297419
0.219612
-0.321134
-0.249500
0.243653
0.176729
0.083492
0.001462
-0.256160
-0.411286
-0.393743
0.062375
0.070172
-0.013320
0.321946
0.307977
0.176080
0.165359
0.014132
-0.110293
0.009584
0.395205
0.358007
-0.131897
0.035248
0.226759
-0.092101
-0.322434
-0.285236
-0.151390
0.033787
0.279876
0.104283
-0.065624
0.113705
0.167146
0.016081
-0.069197
0.086903
0.158212
0.056690
0.002274
0.044182
-0.039147
-0.071309
-0.043208
-0.058802
0.050192
-0.045644
-0.070010
-0.007472
-0.136121
-0.089827
0.058802
0.047756
0.026802
0.136121
0.031837
-0.044995
0.096974
0.011208
0.275328
0.058477
-0.832318
-0.414372
0.307815
0.094375
0.078456
0.201420
-0.070010
0.346961
0.284099
-0.873576
-0.267531
1.016681
0.324870
-0.631710
0.100385
0.829394
0.050517
-0.404951
-0.066436
-0.338190
-0.297419
0.230820
-0.172506
-0.292383
0.486006
0.359956
-0.468300
-0.250313
0.469600
0.004548
-0.430291
0.233257
0.508097
0.115816
0.175105
0.375063
-0.014294
-0.192323
-0.159186
-0.298718
-0.108669
0.334129
0.132710
-0.260708
0.264282
0.454006
-0.126862
-0.140506
0.109806
-0.096324
-0.088527
0.100872
0.005198
0.075045
0.274353
-0.022254
-0.427367
0.026477
0.228384
-0.350860
-0.204506
0.198333
-0.090801
-0.128161
0.195897
0.132710
-0.003736
0.069522
-0.009096
-0.189562
0.182415
0.269317
0.077157
0.141319
-0.324383
-0.539772
-0.044995
0.445884
0.028426
-0.234556
0.290434
0.204831
-0.232282
-0.444910
-0.198496
0.279064
0.266556
-0.078131
-0.040934
0.209216
0.358169
0.187450
-0.293683
-0.275490
0.297094
0.466351
-0.181602
-0.429641
0.120852
0.261358
-0.208079
-0.411448
0.066274
0.327469
0.003574
-0.012183
0.008447
-0.035898
0.312525
0.367103
0.070497
-0.051817
0.019330
0.110293
0.084791
-0.028751
-0.119715
-0.059614
-0.017705
-0.037847
-0.043857
-0.081705
-0.139369
-0.188912
-0.031188
0.092588
-0.010396
0.160486
0.454006
0.158862
-0.158699
0.067411
0.103146
-0.162922
-0.071959
0.146679
-0.045482
-0.068060
0.083492
0.010396
-0.101847
-0.133522
-0.074883
-0.064649
0.027127
0.159024
0.076345
-0.213440
0.161623
0.609457
0.181278
-0.063512
-0.096649
-0.055553
0.156425
-0.187288
-0.770592
-0.186963
0.672157
0.098761
-0.432565
0.157725
0.300343
-0.162273
-0.061238
-0.069035
-0.279713
0.232445
0.662735
0.241379
-0.015431
0.244465
0.091451
-0.294170
-0.204181
0.008447
-0.131410
-0.107857
0.198983
0.122801
-0.266394
-0.198171
0.074720
-0.012670
-0.084629
-0.056203
0.133684
0.236343
0.046781
-0.005035
0.091126
0.059451
0.117116
0.242841
0.057502
-0.042883
-0.040446
-0.012995
0.014294
-0.126050
-0.135796
0.023878
0.139694
0.115654
0.065624
-0.070334
-0.161785
-0.017705
0.010071
-0.190212
-0.174618
0.178191
0.313175
-0.019330
-0.106070
0.102984
0.060101
0.043857
0.061238
-0.228221
-0.624401
0.133197
1.116417
0.603122
-0.005035
-0.267531
-0.368728
-0.072284
0.119877
-0.705781
-0.897292
1.024641
1.037798
-0.895018
-0.531975
0.844013
0.163247
-0.791709
-0.155288
0.228871
0.072609
0.557640
0.473174
-0.404951
0.132060
0.696359
-0.411935
-0.888195
0.115816
0.528726
-0.297581
-0.352809
0.306515
0.165359
-0.081705
-0.051817
-0.240566
-0.207105
0.059939
0.131410
0.220749
0.332342
0.106070
-0.058477
0.270942
0.221237
-0.179653
-0.131410
0.104933
0.003411
-0.119877
0.149603
0.049543
-0.191349
0.040771
0.039959
-0.255673
-0.074395
0.287673
0.087390
-0.187937
-0.038335
0.136446
-0.080730
-0.170394
0.197846
0.227247
-0.138720
-0.032649
0.182252
0.019330
0.038497
0.033299
-0.104446
-0.193948
-0.043370
0.442798
0.187288
-0.258109
0.060913
-0.095999
-0.343225
0.174780
0.067898
-0.274028
0.379936
0.423956
-0.344525
-0.146516
0.286048
-0.051979
-0.197034
0.132547
0.052467
-0.139857
0.248688
0.103471
-0.584279
-0.036710
0.657213
-0.027939
-0.397804
0.334616
0.467813
-0.176567
-0.180465
0.118253
-0.031837
0.107532
0.375063
-0.194922
-0.341926
0.212465
0.182577
-0.182415
-0.208892
0.119227
0.105258
0.016568
0.200283
0.068872
-0.085928
0.167471
0.088527
-0.140831
0.068710
0.169420
-0.004386
-0.118903
-0.025665
-0.098761
-0.114029
0.013969
-0.015756
-0.029726
-0.045969
0.004061
-0.006497
0.002274
-0.024528
0.045644
0.273866
0.046294
-0.156587
0.146354
0.254861
-0.056690
-0.197034
0.168770
0.319510
-0.472199
-0.719750
-0.098923
0.158049
0.206293
0.150415
-0.169907
0.176080
0.893556
-0.189237
-0.893393
0.463752
0.851485
-0.243653
-0.352809
0.514919
0.371002
-0.173156
-0.175917
-0.249175
-0.523204
-0.188912
0.085928
-0.280850
-0.025665
0.479346
0.166821
-0.301480
0.149603
0.381885
-0.166009
-0.081218
0.414047
0.467488
0.149765
-0.006010
0.112405
0.051817
-0.291733
-0.426230
-0.152689
0.063999
0.042396
0.001624
0.039797
0.125562
0.202719
0.113542
-0.012020
-0.086415
0.047269
0.066274
-0.128324
0.075045
0.158212
-0.031350
-0.066274
-0.024853
-0.050192
-0.125400
-0.207592
-0.139044
0.104771
0.042396
-0.043208
0.236668
0.340302
-0.069685
-0.202719
-0.002112
-0.008122
0.022741
0.129136
0.546594
-0.089502
-0.928642
-0.303429
0.241866
0.288972
-0.095999
-0.032487
0.348098
0.401215
-0.217176
-0.941474
-0.036061
0.910936
0.141481
-0.582655
0.187775
0.696522
0.227247
-0.359469
-0.495102
-0.206617
0.331043
0.341439
-0.553254
-0.103796
0.861231
0.191836
-0.574533
-0.121664
0.493803
0.087553
-0.247064
0.232120
0.232770
-0.074395
0.246901
0.357357
-0.141481
-0.220749
-0.029563
-0.126050
0.076507
0.231308
-0.207430
-0.337215
0.137258
0.218963
-0.187288
-0.219125
0.027776
0.118903
0.051167
-0.134659
-0.059126
0.267206
0.316424
-0.102984
-0.308139
0.141968
0.239917
-0.163247
-0.152202
0.066436
0.071147
-0.015431
-0.010558
0.092263
0.004223
-0.094700
-0.065786
-0.095349
-0.013320
0.155938
0.223348
0.012183
-0.194110
0.028264
0.047106
0.024528
0.158049
-0.086415
-0.047918
0.099573
-0.191511
-0.416809
-0.097461
0.353459
0.275815
0.043857
-0.009096
0.135471
0.211653
-0.005685
-0.230171
-0.088852
0.326007
0.416646
0.132710
-0.086740
-0.037035
0.007959
-0.105420
-0.172669
-0.093075
0.013482
0.077969
0.131248
0.017218
-0.223511
-0.088365
0.265094
0.058152
-0.080081
0.208404
0.152527
0.006335
0.157237
0.115491
-0.198658
-0.104608
0.227247
0.066274
-0.196871
0.020467
0.039309
-0.184851
-0.073583
0.005198
0.013807
0.088690
0.173318
0.188425
0.040446
-0.101035
-0.103146
-0.127349
-0.225298
-0.106233
0.048893
0.037847
0.027127
0.040609
0.035736
-0.090964
-0.143105
0.030213
-0.009584
-0.127999
-0.297094
-0.006010
0.954306
0.983220
0.172831
-0.464077
-0.318535
0.121826
-0.055878
-0.678492
-0.662410
0.697984
0.819973
-0.579731
-0.476260
0.428991
0.111755
-0.398291
-0.224810
0.006335
0.237967
0.501112
0.340789
-0.089664
0.191024
0.371002
-0.294332
-0.412423
0.266718
0.355570
-0.316911
-0.182090
0.347611
0.012670
-0.240242
-0.045482
-0.032974
-0.180303
-0.022091
0.234556
0.131897
0.065786
0.077806
0.055228
0.130111
0.135308
-0.002112
0.006985
0.071634
-0.154638
-0.198333
0.160973
0.172669
-0.089664
-0.009746
-0.008934
-0.155938
-0.012508
0.117603
-0.192161
-0.251774
0.201257
0.076994
-0.227247
-0.008934
0.202557
0.123776
-0.113542
-0.095187
0.037198
0.187775
0.219287
-0.152689
-0.257947
-0.196709
-0.075857
0.532625
0.494615
-0.191349
0.038822
-0.026639
-0.476585
0.173806
-0.067248
-0.596787
0.539285
0.697659
-0.441336
-0.296444
0.442473
-0.023228
-0.657213
-0.054416
0.255673
-0.215227
0.205480
0.456280
-0.447509
-0.216201
0.646979
0.013157
-0.435164
0.308789
0.600685
-0.056203
-0.110131
0.278739
0.008609
-0.010883
0.132710
-0.184526
-0.245115
0.098598
0.051167
-0.111430
0.090801
-0.007147
-0.225785
0.203856
0.459691
-0.024365
-0.012995
0.332180
0.004386
-0.098923
0.307652
0.103146
-0.280038
0.053928
0.251937
-0.281825
-0.363205
0.197684
0.121989
-0.421032
-0.147654
0.274515
-0.201907
-0.176892
0.256323
0.055228
-0.154638
0.120364
0.248526
-0.008284
0.147491
0.180303
-0.126537
0.057502
0.160486
-0.441661
-0.678979
-0.034924
0.311388
-0.082030
-0.138720
0.110456
0.406250
0.445560
-0.360931
-0.414534
0.363205
0.490554
-0.151552
-0.261845
0.352159
0.288810
-0.015106
-0.117603
-0.204019
-0.351185
-0.237318
0.014457
-0.081055
0.066111
0.367591
0.153501
-0.002599
0.288647
0.053928
-0.231145
0.005523
0.389032
0.324708
-0.153826
0.024853
0.235856
0.007147
-0.247551
-0.250800
-0.160811
-0.011858
0.203206
-0.020629
-0.096486
0.219612
0.251937
-0.038660
-0.076832
0.041259
0.102334
0.009584
-0.011858
0.187288
0.086903
-0.000975
-0.030538
-0.059126
-0.019330
-0.117278
-0.142780
0.053441
0.072446
-0.127999
0.067411
0.221074
-0.027776
-0.076345
0.055066
-0.092588
0.033949
0.174780
0.275652
0.291571
-0.692461
-0.765232
0.041096
0.244302
0.167633
0.017381
-0.059451
0.285074
0.391469
-0.813800
-0.816886
0.729821
0.739405
-0.411611
-0.185338
0.720887
0.405601
-0.180790
-0.293195
-0.360444
-0.196871
0.392606
0.066923
-0.430778
0.398616
0.587041
-0.330231
-0.465052
0.309601
0.268180
-0.289622
0.036548
0.357032
0.148303
0.146679
0.311713
0.057015
-0.148628
-0.102497
-0.295794
-0.178354
0.198171
0.031188
-0.275490
0.014457
0.346149
0.095837
-0.062538
0.048568
-0.109806
-0.090964
0.095999
-0.007634
0.020467
0.272729
0.200120
-0.226759
-0.195734
0.183227
-0.004873
-0.195572
0.083329
0.086740
-0.028426
0.111755
0.234556
0.041746
-0.195247
-0.096811
-0.113055
-0.083167
0.102334
0.178679
0.063025
-0.334129
-0.368078
-0.144892
0.133034
0.307327
-0.009746
-0.047431
0.225622
0.077969
-0.393905
-0.358332
0.317561
0.459854
-0.042720
-0.007472
0.334129
0.211653
0.050517
-0.145379
-0.377174
0.022091
0.615954
0.198333
-0.498513
-0.040771
0.394392
-0.215551
-0.591101
-0.025665
0.344687
-0.023878
-0.053441
0.092750
-0.151877
0.059451
0.425255
0.055390
-0.209216
0.243978
0.442311
0.048568
-0.082842
0.131248
-0.021279
-0.229683
0.013320
0.087228
-0.134821
-0.041746
0.077319
-0.198821
-0.197846
0.115979
0.107694
0.130111
0.312688
0.121664
-0.085278
0.054091
0.061725
-0.124750
-0.165034
0.006173
0.082030
-0.001137
-0.042720
-0.089827
-0.119390
-0.177217
-0.202394
-0.069197
0.139694
0.156587
-0.177379
0.213440
0.856196
0.408362
-0.057989
-0.167795
-0.209541
0.158049
0.160973
-0.714715
-0.558939
0.742653
0.401865
-0.804541
-0.265094
0.520442
-0.044832
-0.334941
-0.033299
-0.152851
-0.010233
0.589477
0.233419
-0.204343
0.352159
0.325520
-0.332342
-0.292871
0.200120
0.058639
-0.268505
0.108507
0.385134
-0.063675
-0.223998
0.064812
-0.026964
-0.066923
0.010721
-0.007959
0.143268
0.227734
0.011695
-0.053928
0.094375
0.038822
0.034924
0.018193
-0.064649
-0.084791
0.078456
0.180465
-0.077319
-0.098436
0.071634
0.070172
-0.005685
0.141806
0.161461
-0.193785
-0.070984
0.190699
-0.107370
-0.268018
0.106720
0.282475
-0.057177
-0.069197
0.114354
-0.087390
-0.132710
0.117603
-0.123613
-0.762633
0.028913
1.255786
0.564462
-0.242191
0.016731
-0.231145
-0.425580
0.361418
-0.257297
-1.064275
0.855059
1.294121
-0.856033
-0.756948
0.823709
0.132385
-1.103584
-0.161948
0.467813
-0.272404
0.181765
0.651852
-0.403164
-0.201095
0.736806
-0.098436
-0.734369
0.210029
0.728359
-0.194597
-0.321459
0.483569
0.209704
-0.136608
0.047431
-0.093725
-0.219612
-0.060426
0.016893
0.050030
0.149278
-0.018355
-0.158862
0.203369
0.283774
-0.132060
-0.165034
0.084141
0.019330
-0.047269
0.222049
0.140506
-0.132060
0.116304
0.181765
-0.272566
-0.193298
0.371164
0.162435
-0.207430
0.065299
0.144730
-0.129948
-0.168608
0.045319
0.077482
-0.031350
0.014294
0.129623
0.022741
0.024853
0.025502
-0.173156
-0.033299
-0.050517
0.118253
0.331693
-0.108019
-0.145867
0.095674
-0.087553
-0.176892
0.112730
0.226110
0.147816
0.094537
-0.096324
-0.060588
-0.054416
-0.107370
-0.008447
-0.007797
0.080081
-0.004548
0.021929
-0.101522
-0.496727
-0.228221
0.426067
0.258922
-0.142618
0.266718
0.510858
0.179653
-0.184851
-0.039472
-0.086578
-0.009746
0.451895
0.133034
-0.290434
-0.077319
0.228059
-0.115167
-0.391306
-0.137095
0.081055
0.056690
0.190374
0.210191
-0.122639
0.127187
0.211653
-0.115167
-0.034111
0.250150
0.194922
-0.052467
-0.010721
-0.038335
-0.139532
-0.148466
-0.051330
-0.036385
-0.040121
0.108669
0.032974
-0.147329
-0.061076
0.108019
0.122963
0.061725
-0.058477
0.097624
0.253074
0.032649
-0.090151
-0.126050
0.059126
0.547731
-0.078456
-1.172294
-0.454656
0.484057
0.128811
-0.096162
-0.073421
0.041421
0.825658
0.400727
-0.944560
-0.220749
0.967789
0.285236
-0.572097
0.118740
0.708867
0.050680
-0.174943
-0.024040
-0.575508
-0.455631
0.260546
-0.085766
-0.214090
0.389357
0.305053
-0.248851
-0.076832
0.359469
-0.063187
-0.284261
0.318373
0.583792
0.096974
0.002599
0.289784
0.027614
-0.320485
-0.377012
-0.242516
-0.046619
0.165846
0.052467
-0.171044
0.024853
0.134984
-0.007797
-0.014132
0.010721
-0.026314
0.147491
0.254536
0.104933
0.028264
0.139369
0.063512
-0.115979
0.021441
-0.019817
-0.255348
-0.020629
0.176242
-0.185663
-0.169745
0.207267
0.208729
-0.067411
-0.172993
-0.117928
-0.121339
0.031675
0.094212
0.409499
-0.020142
-0.814450
-0.273703
0.390007
0.393743
-0.224973
-0.126050
0.530838
0.256323
-0.452382
-0.638695
0.183227
0.768318
0.122314
-0.318535
0.141968
0.496239
0.382860
-0.167308
-0.588827
-0.252749
0.563812
0.385296
-0.628299
-0.182252
0.735994
0.159999
-0.613680
-0.301317
0.287997
0.093725
-0.255835
0.039472
0.054416
0.026639
0.428017
0.342738
-0.120527
-0.166009
0.043857
-0.022741
0.060101
0.174780
-0.056203
-0.129786
0.098761
0.195085
-0.048568
-0.204993
-0.068548
0.025665
0.037847
-0.026639
-0.121826
0.181278
0.362230
-0.162273
-0.408849
0.075857
0.199470
-0.158862
-0.057989
0.102334
-0.090314
-0.054741
0.118090
0.047918
-0.082517
0.001949
0.009584
-0.085928
0.099898
0.262982
0.112405
-0.168608
0.049543
0.420220
0.138557
-0.017705
-0.090964
-0.122151
0.104121
-0.242841
-0.673781
-0.194597
0.531488
0.241216
-0.192648
0.074720
0.230171
0.087228
-0.012670
-0.149603
-0.277277
0.180790
0.593213
0.228384
-0.081218
0.148791
0.126050
-0.268993
-0.184526
0.101847
-0.090151
-0.259734
0.125237
0.276465
-0.218638
-0.292383
0.250150
0.284424
-0.024853
0.089827
0.144242
0.053928
0.139369
0.080730
-0.153014
-0.120852
0.165197
0.147816
-0.096974
-0.112892
-0.127024
-0.142618
0.017056
-0.108019
-0.172181
0.158699
0.139369
0.036223
0.215876
0.057989
-0.170070
0.102497
0.167958
-0.139369
-0.080730
0.089014
0.048568
-0.062050
-0.107045
-0.076345
-0.101360
0.058314
0.027776
-0.224648
-0.468463
-0.315936
0.777577
1.027565
0.314637
-0.215227
-0.294170
0.045807
0.069197
-0.344687
-0.836054
0.264282
1.288111
-0.125562
-0.962591
0.274840
0.588178
-0.560401
-0.673618
0.042720
0.276952
0.293033
0.492341
0.042071
-0.148791
0.522067
0.097461
-0.647791
-0.114842
0.631385
0.083492
-0.407712
0.278576
0.274190
-0.255673
-0.088690
-0.000487
-0.219450
-0.108344
0.153826
0.176567
0.126375
0.050680
-0.115979
-0.028751
0.226922
0.031350
-0.205968
-0.027127
0.030700
-0.164872
-0.001299
0.229683
-0.050192
-0.011370
0.191673
-0.079106
-0.226110
0.144405
0.196222
-0.353296
-0.080081
0.413560
-0.000650
-0.205968
0.271429
0.259896
-0.333154
-0.211166
0.085441
-0.065461
0.096324
0.171531
-0.255186
-0.342738
0.078294
0.439874
0.170557
-0.163897
0.211166
-0.139532
-0.520605
0.317073
0.013482
-0.668096
0.463265
0.750775
-0.354433
-0.211328
0.482432
0.036223
-0.500138
-0.022416
0.087715
-0.237967
0.252424
0.443935
-0.427692
-0.214902
0.724136
0.062538
-0.548706
0.172019
0.579244
-0.036385
-0.160648
0.220587
0.016244
0.110293
0.302942
-0.164384
-0.292058
0.183877
0.202069
-0.052629
-0.070172
-0.032487
-0.041259
-0.050030
0.221074
0.026314
-0.177866
0.241216
0.125562
-0.139044
0.052629
0.213115
-0.064487
-0.061725
0.197359
-0.060263
-0.173806
0.100710
0.106395
-0.206293
-0.151390
0.060913
-0.018842
-0.136933
0.004873
0.069685
-0.014294
-0.039147
-0.085116
0.046619
0.165684
0.112568
-0.017218
0.267531
0.148303
-0.659324
-0.588340
0.015106
0.170232
0.042071
0.138395
0.073746
0.344525
0.551305
-0.448159
-0.557477
0.490392
0.547894
-0.302617
-0.165846
0.503549
0.270617
-0.144405
-0.258922
-0.369702
-0.390332
-0.072609
-0.062375
-0.147004
0.227084
0.436138
0.050192
-0.118740
0.320972
0.132547
-0.261358
0.047269
0.394555
0.298718
0.070497
0.069685
0.083004
0.070822
-0.130760
-0.378474
-0.202069
0.088690
0.115329
-0.096811
-0.053116
0.320322
0.314962
0.038984
0.034599
0.017218
0.010721
0.011858
-0.071309
0.103796
0.134821
-0.035898
-0.072771
-0.054416
-0.061076
-0.174943
-0.190699
-0.002924
0.154313
0.078131
0.039472
0.251287
0.114029
-0.291409
-0.167795
-0.038172
-0.070010
-0.035086
0.226759
0.602147
-0.477072
-1.120315
-0.146029
0.322759
0.154313
-0.017218
0.167308
0.368890
0.528401
-0.252424
-1.015057
0.247226
1.114630
-0.014944
-0.539447
0.465377
0.701557
-0.013157
-0.537335
-0.523528
-0.227572
0.274190
0.197034
-0.532950
0.104771
0.744115
-0.101197
-0.703182
-0.091289
0.430940
-0.065461
-0.123938
0.342576
0.306840
0.143430
0.259571
0.141156
-0.191836
-0.124425
-0.050030
-0.095187
0.134009
0.254536
-0.097948
-0.184364
0.184201
0.223348
-0.060588
-0.125562
-0.014944
0.036385
0.021766
-0.104608
-0.026152
0.148466
0.152689
-0.080243
-0.282962
-0.007797
0.118903
-0.157725
-0.137745
0.174943
0.165034
-0.001137
0.087877
0.141481
-0.147816
-0.260871
-0.060263
-0.072284
-0.014457
0.441661
0.333479
-0.377499
-0.080893
0.291409
-0.076345
-0.035086
0.112568
0.009096
0.026802
-0.069685
-0.353621
-0.151065
0.205156
0.085278
-0.100710
0.055878
0.148791
0.051330
0.051330
-0.090151
-0.247389
0.075857
0.589640
0.228871
-0.292546
0.207430
0.394555
-0.221886
-0.390656
-0.011858
0.121664
0.000650
0.071309
-0.042071
-0.186476
0.154151
0.296444
-0.036061
-0.222211
0.032487
0.250637
0.118090
0.023878
0.061725
0.037360
0.041096
0.055715
-0.071147
-0.103309
0.015431
0.038822
-0.084629
-0.158049
-0.033624
0.053116
0.132547
0.196059
0.034761
-0.017705
0.096162
0.032812
-0.097948
-0.101684
-0.089014
0.019817
0.078294
-0.017381
0.026152
0.058152
-0.060263
-0.124750
-0.011208
0.036548
-0.059939
-0.314637
0.094375
0.898429
0.548706
-0.005523
-0.305703
-0.413073
0.013482
0.075857
-0.732745
-0.754836
0.765069
0.824358
-0.665334
-0.492666
0.630898
0.248688
-0.447509
-0.022254
0.179166
-0.083492
0.393905
0.537498
-0.159349
0.005523
0.375712
-0.125075
-0.444747
-0.033624
0.174455
-0.201582
-0.197846
0.249988
0.082355
-0.256485
-0.022091
0.159511
0.014457
-0.041259
0.119390
0.256160
0.277439
0.007147
-0.063512
0.184364
0.105745
-0.147978
-0.176080
0.028426
-0.061725
-0.101847
0.104121
0.058639
-0.028426
-0.036873
-0.035248
-0.057827
0.072121
0.222861
0.076832
-0.042883
0.159024
0.179004
-0.142456
-0.132060
0.122801
0.163897
-0.089664
-0.186638
0.011046
0.068060
0.006985
-0.204668
-0.249013
-0.293520
-0.304241
0.372464
0.820947
0.315611
-0.135146
-0.097624
-0.439387
-0.180953
0.364180
-0.537011
-0.159999
1.327907
0.289947
-1.000600
-0.050517
0.547244
-0.464077
-0.701395
0.198821
0.195409
-0.033137
0.443123
0.087877
-0.463590
0.247389
0.461478
-0.373763
-0.316099
0.486818
0.364829
-0.226110
-0.028264
0.133684
-0.046781
0.051330
-0.063187
-0.211491
-0.064812
-0.031675
0.031675
0.184526
0.076994
-0.114192
0.021929
0.401702
0.204993
-0.237155
0.065136
0.224648
-0.087715
0.114029
0.338352
-0.120364
-0.192323
0.217988
-0.036873
-0.499163
-0.074070
0.443123
-0.035411
-0.265906
0.206942
0.097299
-0.177054
0.126375
0.147004
-0.180790
0.098111
0.280201
-0.091451
-0.076345
0.206617
-0.047269
-0.252911
0.147491
0.013320
-0.229683
-0.118740
-0.014457
0.011208
-0.182902
-0.033462
0.039634
0.333642
0.489092
-0.129623
-0.169095
0.338352
0.190374
-0.370190
-0.077157
0.235693
-0.021279
-0.018518
-0.009096
-0.294008
-0.491366
-0.209379
0.135308
0.137907
0.102984
0.265581
0.230820
0.228546
0.177379
-0.191186
-0.220424
0.118090
0.515569
0.221562
-0.243490
0.125400
0.320322
-0.173643
-0.487793
-0.222536
-0.032000
-0.025990
0.177866
0.138720
-0.086903
0.197196
0.257297
-0.085766
-0.049380
0.158049
0.182090
-0.069197
-0.012832
0.135796
-0.133847
-0.204506
-0.000975
-0.016244
-0.121989
-0.013320
0.000975
-0.095025
-0.129623
-0.021279
0.147004
0.121339
0.067898
0.133359
0.120527
-0.001299
0.122639
-0.044507
0.069847
0.471874
-0.550980
-0.933190
0.090151
0.342088
0.111268
0.092101
-0.134009
0.107370
0.625213
-0.348911
-0.775140
0.596137
0.887546
-0.235206
-0.324870
0.598249
0.396017
-0.349723
-0.232120
-0.228221
-0.477884
0.042883
0.172669
-0.307490
0.167633
0.529376
-0.163085
-0.484057
0.158049
0.286373
-0.332830
-0.145542
0.416646
0.441499
0.207755
0.137907
0.157075
0.012183
-0.192323
-0.362880
-0.163247
0.231632
0.183552
-0.136608
0.066274
0.245115
0.012995
0.042071
0.007797
-0.238455
-0.031350
0.273216
-0.087553
-0.119715
0.289297
0.098598
-0.361093
-0.140994
0.198171
-0.153176
-0.149765
0.149928
-0.025665
-0.082030
0.155775
0.042720
-0.068548
0.049543
-0.099085
-0.279551
0.083979
0.313662
0.107370
0.286536
-0.104283
-0.562675
-0.085116
0.402677
0.159186
-0.291409
0.140506
0.340951
-0.150252
-0.450920
-0.329906
0.200445
0.400565
-0.059289
-0.232445
0.147004
0.362230
0.192810
-0.187125
-0.281338
0.177217
0.576645
0.149765
-0.387895
0.027452
0.389519
-0.084466
-0.461966
-0.071471
0.356383
0.010721
-0.138557
0.075207
-0.085278
0.104771
0.422494
0.143755
-0.106720
0.044345
0.109156
0.003249
0.036223
-0.031188
-0.173806
-0.050842
0.073746
-0.061400
-0.124750
-0.036873
-0.130923
-0.161623
0.053279
0.027127
-0.018355
0.374251
0.361905
-0.170232
-0.089177
0.250150
-0.026639
-0.157887
0.141806
0.018842
-0.136933
0.026152
0.014619
-0.137907
-0.157075
-0.145867
-0.204993
0.002924
0.241216
0.104446
-0.211815
0.145055
0.715202
0.294495
-0.076020
-0.105908
-0.108019
0.172831
-0.063350
-0.773354
-0.379448
0.695710
0.319997
-0.454656
-0.005523
0.334454
-0.075857
-0.164059
-0.071796
-0.227409
0.085928
0.579893
0.370515
0.096162
0.304728
0.159349
-0.242191
-0.164384
-0.004548
-0.165684
-0.235044
0.094700
0.189887
-0.250150
-0.339977
0.060588
0.108832
-0.026639
0.007310
0.064649
0.201744
0.223023
0.041096
-0.003898
0.125400
0.189399
0.173156
0.045807
-0.007147
-0.015756
-0.099085
-0.091938
-0.119877
-0.161785
-0.093400
0.039472
0.088365
0.125887
-0.008447
-0.237967
0.000487
0.135471
-0.160323
-0.135633
0.169095
0.229196
0.078131
0.000162
-0.038984
-0.070659
0.142780
0.063025
-0.260871
-0.575670
-0.279226
0.871302
0.879586
0.175592
-0.227896
-0.385296
-0.138232
0.125725
-0.328444
-1.044783
0.382372
1.564575
-0.214577
-1.007910
0.592888
0.684989
-0.705943
-0.599061
0.204506
0.081867
0.166496
0.724298
0.015594
-0.317723
0.661923
0.216039
-0.917596
-0.373438
0.564462
-0.044995
-0.556665
0.231145
0.301804
-0.222699
0.034599
0.090151
-0.320809
-0.129298
0.293520
0.264282
0.249663
0.209866
-0.062050
0.015106
0.294657
0.036385
-0.356870
-0.090476
0.199958
-0.099248
-0.045969
0.246089
-0.108019
-0.183714
0.132222
-0.109969
-0.368728
0.136608
0.418595
-0.163897
-0.166009
0.316911
0.064812
-0.275490
0.077319
0.275815
-0.242353
-0.250962
0.156912
-0.036873
-0.065786
0.144730
-0.055553
-0.244140
0.024690
0.424118
0.220912
-0.111918
0.066761
-0.102984
-0.351022
0.199633
0.149603
-0.363205
0.298231
0.540747
-0.309439
-0.265744
0.352322
-0.040121
-0.405601
0.071147
0.125237
-0.138395
0.142780
0.229521
-0.411286
-0.135471
0.671832
0.153339
-0.354433
0.218313
0.546432
-0.038822
-0.255186
0.069685
0.043208
0.049218
0.293683
-0.049055
-0.380261
0.113055
0.179653
-0.118578
-0.172181
0.026152
0.081867
-0.022903
0.242353
0.171856
-0.137095
0.088365
0.263795
-0.099898
-0.032974
0.206130
-0.005685
-0.177866
-0.036385
-0.076182
-0.303266
-0.002924
0.127512
-0.112730
-0.058964
0.207267
0.079593
-0.149765
0.013969
0.096811
0.104446
0.052304
-0.092588
-0.009746
0.206293
0.128811
-0.200283
0.031350
0.372789
-0.396991
-0.853109
-0.098761
0.216201
0.016406
0.167308
0.027127
0.006010
0.618391
0.049543
-0.777252
0.186638
0.915972
-0.035248
-0.474798
0.455306
0.498513
-0.215227
-0.207267
-0.216688
-0.465377
-0.190212
0.085928
-0.115654
0.051167
0.421194
0.194597
-0.242516
0.046294
0.251937
-0.209054
-0.040284
0.407875
0.318535
0.230658
0.244302
-0.002761
-0.053766
-0.031512
-0.323733
-0.328769
0.047756
0.221237
-0.070010
-0.036223
0.296769
0.158699
-0.033137
0.096811
0.000325
-0.188262
0.026802
0.071634
-0.033787
0.076182
0.085116
-0.127999
-0.060101
0.093725
-0.189399
-0.300667
-0.060101
0.135308
-0.026639
-0.057177
0.283449
0.274028
-0.074070
-0.102659
0.000650
-0.071471
0.039634
0.223023
0.481783
-0.290759
-0.881860
-0.190049
0.231957
0.263470
-0.140344
0.007797
0.390169
0.381560
-0.320972
-0.929291
0.157562
0.917434
-0.022903
-0.551305
0.296444
0.576645
0.123126
-0.368890
-0.562675
-0.224648
0.434352
0.319835
-0.627324
0.031350
0.913535
0.060913
-0.624563
-0.015106
0.387408
-0.046944
-0.035248
0.192648
0.041746
0.210678
0.429641
0.044670
-0.136933
0.012020
-0.179816
-0.263470
0.242678
0.226110
-0.417621
-0.161298
0.307490
-0.036061
-0.221562
0.073746
-0.039959
-0.058964
0.254211
-0.005360
-0.112568
0.291409
0.340139
-0.091289
-0.241379
0.075532
0.160648
-0.007147
-0.061400
-0.056527
0.002761
0.088040
-0.059776
-0.146679
-0.022741
-0.089989
-0.255510
-0.101847
0.181765
0.070497
0.167146
0.243003
-0.161785
-0.055066
0.143268
0.166983
0.081867
-0.155775
0.078294
0.143755
-0.303754
-0.474473
0.001624
0.339327
0.169095
0.000650
-0.032974
0.137745
0.173481
-0.098761
-0.227572
-0.013969
0.294982
0.444747
0.143430
-0.182252
0.030700
0.089827
-0.184526
-0.274190
-0.024528
0.098923
-0.030213
0.082679
0.085766
-0.234719
-0.096324
0.340789
0.084141
-0.147004
0.170882
0.215227
-0.031837
0.028264
0.176242
-0.068060
-0.119065
0.178354
0.161461
-0.128649
-0.070822
0.044507
-0.133522
-0.169907
-0.019005
0.076832
0.049055
0.198171
0.270779
0.013482
-0.134984
-0.030700
-0.015106
-0.261845
-0.148791
0.117441
-0.018518
-0.016568
0.170719
0.014457
-0.228871
-0.035736
0.123613
-0.074720
-0.161461
-0.328281
0.134171
1.077595
0.846125
0.031188
-0.527102
-0.260546
0.174293
-0.231308
-0.803242
-0.502087
0.855871
0.732907
-0.725760
-0.411123
0.567548
0.028264
-0.557802
-0.158537
0.125887
0.179816
0.517031
0.427367
-0.116791
0.166658
0.334291
-0.328769
-0.427692
0.175105
0.184364
-0.347124
-0.133847
0.272404
-0.050842
-0.247064
0.049705
0.023228
-0.139369
0.026314
0.230333
0.219775
0.240566
0.122314
-0.077969
0.228059
0.297744
-0.051817
-0.101197
0.082030
-0.117278
-0.276465
0.140831
0.092101
-0.202881
0.017868
0.061400
-0.203206
-0.066923
0.228059
-0.138557
-0.290272
0.268668
0.176729
-0.276952
0.014132
0.374575
0.057989
-0.232282
0.000975
0.076832
0.057989
0.155288
-0.065136
-0.404139
-0.261196
0.216526
0.469275
0.223998
-0.068060
0.155938
-0.330068
-0.331530
0.492666
-0.452219
-0.501925
0.973961
0.406088
-0.756623
-0.046619
0.521092
-0.452219
-0.688725
0.182902
0.094862
-0.199958
0.485681
0.306190
-0.529539
0.056365
0.614979
-0.207267
-0.428504
0.501275
0.558614
-0.211166
-0.070497
0.303104
0.016081
-0.005035
0.001137
-0.221237
-0.081867
0.061400
0.045644
0.018842
-0.050192
-0.079756
-0.036385
0.191024
0.248201
-0.015919
0.064812
0.216851
-0.002599
0.027939
0.238130
0.039797
-0.114192
0.127836
0.083492
-0.274190
-0.136121
0.257785
0.037523
-0.251937
-0.066923
0.132710
-0.060101
-0.164709
0.093400
0.005198
-0.044507
0.063350
0.076507
0.099735
0.133847
0.073096
-0.093563
0.076669
0.262982
-0.043695
-0.559914
-0.495427
0.099735
0.261521
-0.085278
-0.213440
0.127349
0.692948
0.242191
-0.653801
-0.161948
0.487955
0.172831
-0.324708
0.030863
0.342413
0.148303
0.084629
-0.216039
-0.425418
-0.393418
-0.051005
0.036223
-0.086740
0.269805
0.356708
0.047431
0.119065
0.235044
-0.065299
-0.153176
0.090801
0.394068
0.178841
-0.077482
0.101847
0.089664
-0.103471
-0.370027
-0.316911
-0.095837
0.140831
0.194435
-0.057989
0.052954
0.250637
0.120852
0.023228
0.021279
-0.015594
0.078294
0.076507
0.038335
0.090151
0.033949
-0.082842
-0.133034
0.046132
0.031188
-0.217501
-0.059776
0.137420
-0.101035
-0.100547
0.140019
0.096974
0.043857
0.165684
-0.083979
-0.139369
0.267043
0.347286
0.359144
-0.484057
-0.911911
-0.013157
0.302617
0.080730
-0.039634
-0.001299
0.216526
0.467163
-0.542533
-1.093838
0.500950
1.041209
-0.307165
-0.530676
0.655751
0.640319
-0.159511
-0.307815
-0.263145
-0.288647
0.246089
0.335429
-0.380423
0.118740
0.720237
-0.068872
-0.708380
0.019492
0.447509
-0.290109
-0.230333
0.392768
0.247226
0.017218
0.297581
0.286860
-0.103471
-0.251125
-0.243165
-0.130923
0.114354
0.118415
-0.174618
-0.094700
0.285399
0.241866
-0.101197
-0.094700
-0.012670
-0.080405
-0.066598
-0.078456
0.047269
0.211003
0.211653
-0.068710
-0.222374
0.104283
0.140994
-0.114029
0.063350
0.123451
-0.070984
0.099085
0.217988
0.058964
-0.169582
-0.153826
-0.172019
-0.177054
0.076182
0.157887
0.061400
-0.309276
-0.357682
-0.106882
0.076832
0.299206
0.130923
0.042396
0.297419
0.126212
-0.359956
-0.237318
0.251774
0.306190
-0.009096
-0.034111
0.211978
0.209379
0.089339
-0.127999
-0.319835
-0.008447
0.536686
0.242353
-0.371652
-0.020792
0.315449
-0.168120
-0.486981
-0.140831
0.186800
0.094050
0.061725
0.011208
-0.191836
0.152689
0.418920
0.062050
-0.100547
0.104608
0.215227
0.124750
0.147654
-0.039472
-0.223511
0.084954
0.136283
-0.215227
-0.136933
0.108019
-0.104121
-0.241379
-0.094212
-0.040446
-0.022091
0.226759
0.337215
0.023878
-0.014619
0.187125
-0.006335
-0.154801
0.004386
-0.030050
-0.102334
0.045482
0.045157
-0.095512
-0.106882
-0.176892
-0.246414
-0.048243
0.155288
0.023553
-0.212952
0.381235
0.901677
0.242841
-0.110943
-0.059451
-0.200120
0.112080
0.169582
-0.703831
-0.431753
0.850348
0.278739
-0.800480
-0.115004
0.460016
-0.233419
-0.343550
0.093725
-0.172181
-0.106233
0.650715
0.332992
-0.208892
0.422006
0.369377
-0.358332
-0.147816
0.276465
-0.109969
-0.233744
0.290272
0.260708
-0.181115
-0.122639
0.104283
-0.174455
-0.173968
0.103634
-0.082192
-0.052467
0.260059
0.035086
-0.112892
0.204019
0.145542
0.001137
0.041096
-0.005360
-0.074070
0.050842
0.123938
-0.082679
-0.100710
-0.081218
-0.009096
0.128811
0.069522
-0.025015
-0.109156
0.005035
0.126537
-0.110781
-0.259084
0.055228
0.318698
0.045482
-0.210678
0.068710
0.207755
-0.078131
-0.137095
-0.038984
-0.436626
-0.266556
0.929941
0.900540
-0.052142
-0.088527
-0.118090
-0.545457
0.101684
0.149278
-1.060052
0.211653
1.565712
-0.224160
-1.095300
0.358332
0.479021
-0.887546
-0.534736
0.386920
-0.103958
0.162110
0.872114
-0.179816
-0.462940
0.770592
0.356220
-0.806653
-0.246577
0.783425
0.105258
-0.529701
0.286860
0.331205
-0.198333
-0.009909
0.007634
-0.273541
-0.108019
0.134334
0.039147
0.091451
0.138232
-0.093563
0.012345
0.294008
0.070984
-0.219450
-0.095349
0.074070
-0.024040
0.064487
0.179653
-0.127512
-0.109644
0.204668
-0.095999
-0.418433
0.206780
0.492016
-0.099085
-0.079268
0.223836
0.031350
-0.166983
-0.029076
0.106233
-0.072933
-0.081380
0.169095
0.058477
-0.138720
-0.015919
-0.053279
-0.163247
-0.183227
0.140831
0.288485
-0.154313
-0.036061
0.158699
-0.110618
-0.122314
0.207917
0.295794
0.142131
0.172506
-0.004873
-0.106882
-0.005685
-0.140831
-0.123613
-0.027127
0.073908
-0.004548
-0.013645
-0.016568
-0.465539
-0.161785
0.429803
0.125725
-0.135308
0.267856
0.505985
0.219937
-0.193948
-0.056852
0.079593
0.013969
0.355895
0.090314
-0.264769
-0.000975
0.207917
-0.143268
-0.453519
-0.157237
0.072446
0.074883
0.134009
0.173318
0.041421
0.218963
0.206780
-0.119065
-0.037847
0.206780
0.181278
-0.098111
-0.096974
-0.042883
-0.057177
-0.075207
-0.097624
-0.019817
0.011046
0.040609
-0.058964
-0.090801
-0.081867
-0.044507
0.090801
0.088202
-0.072446
-0.021766
0.288647
0.061725
-0.226272
-0.095837
0.185338
0.471062
-0.197359
-0.953169
-0.289784
0.400565
0.113867
0.018355
-0.068223
-0.015269
0.912398
0.312200
-1.081980
-0.106395
1.079706
0.089664
-0.738430
0.209866
0.709029
-0.028426
-0.307977
-0.073583
-0.360768
-0.265257
0.214577
-0.115979
-0.081218
0.488930
0.255348
-0.326819
-0.053279
0.381885
-0.102009
-0.304079
0.318210
0.552279
0.135633
0.033462
0.217663
-0.005685
-0.252424
-0.323408
-0.316749
-0.018355
0.381235
0.108019
-0.272566
0.172019
0.284261
-0.196709
-0.129298
0.078943
-0.115167
-0.014619
0.275652
0.156100
-0.044020
0.148953
0.172344
-0.187125
-0.065136
0.135308
-0.169582
-0.191673
0.146354
-0.006010
-0.241054
0.051979
0.255023
0.023391
-0.127999
-0.182577
-0.202394
0.186476
0.143105
0.174293
0.064812
-0.706268
-0.475610
0.172831
0.433214
0.003736
-0.148628
0.429154
0.340302
-0.291896
-0.662735
-0.028589
0.705131
0.291409
-0.343550
0.015919
0.529863
0.369702
-0.137907
-0.419570
-0.248201
0.264607
0.473011
-0.362718
-0.447346
0.471387
0.314312
-0.499975
-0.525153
0.186638
0.278414
-0.186800
-0.012345
0.135958
0.048081
0.411773
0.519143
-0.036223
-0.243815
0.138070
0.089014
-0.035086
0.183389
0.005523
-0.147978
0.081218
0.115654
-0.102497
-0.219937
-0.111918
-0.051167
-0.036548
-0.011370
-0.061888
0.125075
0.360119
0.067735
-0.303429
-0.016568
0.250800
-0.037847
-0.058964
0.147654
-0.013320
-0.072933
0.082192
0.047756
-0.080243
-0.097299
-0.074070
-0.060751
0.009421
0.108019
0.205480
-0.120202
-0.181927
0.396667
0.327469
-0.013320
-0.126375
-0.085278
0.177866
-0.108182
-0.695547
-0.351185
0.438088
0.280363
-0.177217
-0.055553
0.164547
0.137745
-0.020142
-0.180790
-0.178191
0.176729
0.480808
0.301317
0.018193
0.020304
0.028101
-0.179978
-0.222211
-0.007310
0.008934
-0.080893
0.099248
0.246739
-0.126375
-0.281987
0.216851
0.259571
-0.088202
0.046781
0.223836
0.038335
0.025015
0.084629
-0.040121
-0.051005
0.062050
0.140506
-0.031025
-0.188262
-0.111430
-0.058964
-0.095999
-0.091289
0.032487
0.154313
0.157075
0.181765
0.264282
0.001299
-0.210353
0.097624
0.090639
-0.212628
-0.076507
0.095999
0.013807
-0.033299
-0.090476
-0.099573
-0.031025
0.019655
-0.021929
-0.105258
-0.229521
-0.493640
0.353134
1.259847
0.606045
-0.077319
-0.262170
-0.162273
-0.043370
-0.116304
-0.676055
-0.557640
0.951545
0.747364
-0.896804
-0.480970
0.667284
-0.077969
-0.824521
-0.264769
0.274840
0.293033
0.463590
0.369540
-0.186151
0.293845
0.488930
-0.423468
-0.514919
0.400890
0.487793
-0.363530
-0.094537
0.375550
-0.106720
-0.258597
-0.043533
-0.194272
-0.264120
0.104608
0.223836
0.097136
0.157725
0.041908
-0.107532
0.228709
0.284586
-0.133359
-0.122476
0.117116
-0.063675
-0.197684
0.123126
0.074070
-0.089502
0.169095
0.053441
-0.245602
0.115329
0.262495
-0.259084
-0.154963
0.270130
0.041908
-0.120040
0.148303
0.163410
-0.048568
-0.094050
-0.092101
-0.098598
0.121989
0.125562
-0.269805
-0.293033
-0.146516
0.115167
0.466351
0.068872
-0.163085
0.072121
-0.212628
-0.031025
0.161948
-0.416321
0.122151
0.735831
-0.030538
-0.274028
0.219287
0.199633
-0.326007
-0.245927
0.108019
-0.065299
0.102334
0.346312
-0.166334
-0.343875
0.378799
0.207755
-0.462453
-0.071147
0.448159
0.152039
-0.123126
0.165034
0.019655
0.009096
0.367266
-0.036385
-0.353784
0.100710
0.303104
0.009259
-0.050517
-0.005035
-0.102497
-0.074720
0.161298
0.139044
-0.140019
0.122314
0.174293
-0.147329
0.005848
0.147004
-0.017543
-0.077157
0.162273
0.033299
-0.120202
0.125400
0.140182
-0.078294
-0.114354
-0.015431
-0.077969
-0.087553
-0.009421
0.023066
-0.017868
0.041259
0.006822
-0.074558
0.088527
0.162598
0.002112
0.148303
0.230495
-0.510696
-0.694735
-0.023553
0.271267
0.041746
0.021604
0.144730
0.410961
0.538310
-0.429641
-0.606208
0.384971
0.526127
-0.285399
-0.285236
0.463427
0.312363
-0.044020
-0.224323
-0.349236
-0.321946
-0.091451
-0.076345
-0.268018
0.170882
0.418920
0.054578
-0.132385
0.277927
0.318048
-0.240079
-0.047918
0.490879
0.275815
-0.042883
0.138882
0.118903
-0.042233
-0.164547
-0.248038
-0.135308
-0.097624
0.061400
0.018355
-0.090639
0.243490
0.297906
0.053604
0.055228
0.021604
-0.074395
-0.011695
0.033299
0.086740
0.177866
0.067898
-0.093238
0.009584
0.007472
-0.232282
-0.305865
-0.003736
0.129948
-0.120040
0.059776
0.412098
0.115329
-0.255673
-0.004386
-0.006660
-0.177542
0.017543
0.411935
0.317561
-0.728684
-0.753374
0.008771
0.203206
0.128973
0.059289
0.121014
0.373438
0.475935
-0.559751
-0.798369
0.666634
0.820785
-0.384484
-0.179004
0.641781
0.370027
-0.067898
-0.374575
-0.633172
-0.216201
0.552117
0.000487
-0.592238
0.465214
0.706755
-0.415996
-0.588178
0.196871
0.160648
-0.306353
0.117765
0.348748
0.010721
0.252424
0.381073
-0.127349
-0.248363
0.024690
-0.149765
-0.126212
0.415184
0.241703
-0.280688
0.038822
0.398453
0.002274
-0.120689
0.034436
-0.145055
-0.097786
0.079918
-0.136283
-0.137907
0.270942
0.152364
-0.275490
-0.207267
0.100222
-0.017218
-0.232770
0.016081
0.116953
-0.013645
0.174618
0.300505
0.014132
-0.152039
-0.069197
-0.100060
-0.055715
0.090801
0.193948
0.253561
-0.072446
-0.297581
-0.071147
0.099085
0.223836
0.020467
-0.147491
0.168933
0.121014
-0.344687
-0.351185
0.131410
0.267856
0.001787
-0.054416
0.099248
0.243978
0.178029
-0.162110
-0.250800
0.131572
0.525153
0.298231
-0.248526
-0.023228
0.313987
-0.085766
-0.390656
-0.149115
0.147654
0.050842
0.019330
0.039797
-0.137258
0.038172
0.230820
0.046781
-0.149765
-0.041583
0.178354
0.104608
0.050680
0.183714
-0.000975
-0.140182
0.107045
0.052304
-0.154476
-0.103471
0.024528
-0.022254
-0.184851
-0.083167
0.033624
0.070659
0.200932
0.124100
-0.038984
0.060588
0.123938
-0.071634
-0.170719
-0.027776
0.135633
0.020792
-0.162922
0.037847
0.171694
-0.158374
-0.246414
0.014132
0.062375
-0.172019
-0.371002
0.370515
0.935789
0.298556
-0.065624
-0.216526
-0.387570
0.095512
0.185338
-0.806166
-0.443610
1.110407
0.383509
-0.954956
-0.032000
0.685964
-0.193785
-0.379286
0.287673
0.118090
-0.113055
0.545620
0.351022
-0.325520
0.193948
0.321622
-0.459854
-0.305216
0.363205
-0.010558
-0.412260
0.163897
0.417133
-0.197034
-0.297581
0.148953
0.110293
-0.128324
-0.037198
0.163735
0.132710
0.109156
0.040121
-0.021279
0.115816
0.112080
-0.021766
-0.094862
-0.118090
-0.171044
0.038660
0.127187
-0.104121
0.033949
0.064487
-0.045644
0.022254
0.148303
0.104933
-0.089177
0.110456
0.195085
-0.045644
-0.154151
-0.004223
0.125075
-0.000487
-0.140019
-0.017381
0.036548
-0.009909
-0.002761
-0.198171
-0.318535
-0.452544
0.046944
0.782125
0.481620
0.024365
0.100710
-0.212952
-0.604096
0.323733
0.129786
-0.892419
0.684989
1.321247
-0.630573
-0.818998
0.617091
0.224973
-1.085879
-0.267856
0.624726
-0.175755
0.029076
0.647142
-0.182902
-0.383347
0.527752
0.259734
-0.611893
-0.063837
0.758247
0.056365
-0.419083
0.240729
0.170070
-0.181278
-0.007797
-0.059776
-0.206293
-0.068060
0.057664
0.108832
0.120364
-0.048406
-0.007959
0.271267
0.367591
0.092426
-0.132222
0.141481
0.120852
-0.173968
0.063187
0.174780
-0.121989
-0.072121
0.135471
-0.238455
-0.416484
0.147491
0.237805
-0.218313
-0.191186
0.186800
0.111106
-0.186963
0.014944
0.265744
0.043370
-0.036061
0.208729
0.116141
0.002761
0.049543
-0.113380
-0.087553
-0.076020
-0.053441
-0.108994
-0.241216
-0.016244
0.153176
-0.011370
-0.245277
0.180953
0.649253
0.182577
-0.378799
0.006173
0.450108
-0.012183
-0.401215
0.061725
0.315936
0.018193
-0.058964
-0.098436
-0.331368
-0.441499
-0.031188
0.140344
-0.055228
0.229521
0.368240
0.159349
0.185988
0.093725
-0.120852
-0.150415
0.223348
0.496402
0.008934
-0.136770
0.221562
0.158049
-0.228546
-0.363367
-0.208892
-0.057015
0.136608
0.225622
-0.007310
-0.021766
0.326657
0.093075
-0.271916
-0.000162
0.148953
0.016081
-0.028426
-0.055066
-0.037523
-0.004223
-0.089827
-0.126699
-0.005523
0.059776
0.053441
-0.015106
-0.066598
0.012670
0.095999
0.112892
0.030050
0.035736
0.165521
0.125562
-0.124750
-0.082030
-0.059451
-0.014457
0.442798
-0.333642
-1.154914
-0.163572
0.520280
0.189074
0.064974
-0.060101
0.049543
0.795445
0.072609
-1.096600
0.119065
1.141269
0.038660
-0.556665
0.345337
0.574533
-0.141968
-0.182902
-0.141319
-0.593376
-0.100710
0.399428
-0.283124
-0.143105
0.566249
0.103958
-0.426067
0.107370
0.358332
-0.262820
-0.122476
0.417296
0.215227
0.029563
0.292871
0.173806
-0.225460
-0.094375
-0.178679
-0.385296
0.205318
0.485031
-0.143268
-0.112730
0.461641
0.140831
-0.241866
0.087553
-0.035898
-0.339165
0.150902
0.314474
-0.077157
0.022903
0.240079
-0.103634
-0.310738
-0.016244
-0.147166
-0.297419
0.089664
0.101847
-0.162110
-0.001137
0.166334
0.056852
0.039959
-0.049218
-0.277114
-0.044020
0.326982
0.142943
0.231632
0.081218
-0.536361
-0.268993
0.340789
0.326170
-0.269317
-0.138882
0.411286
0.063512
-0.516219
-0.496564
0.122476
0.478534
0.050680
-0.303104
0.035248
0.357195
0.279876
-0.033624
-0.300667
-0.005198
0.637395
0.498513
-0.392931
-0.297419
0.436788
0.145217
-0.504036
-0.323246
0.276952
0.177704
-0.165846
-0.001299
-0.098761
-0.089827
0.399590
0.320485
-0.148628
-0.076182
0.236830
0.169420
0.059126
0.044182
-0.064649
-0.045482
0.048568
0.024365
-0.100710
-0.121014
-0.076020
-0.113217
-0.058639
0.030538
0.088040
0.235044
0.315449
0.047593
-0.157725
0.009096
0.072446
-0.058639
-0.023228
0.024040
-0.052791
0.012345
0.038010
-0.083167
-0.174780
-0.154313
-0.095837
-0.134659
-0.041583
0.236181
-0.032812
-0.185988
0.489092
0.524503
0.013807
-0.158862
-0.101847
0.143268
0.007797
-0.580056
-0.439549
0.402352
0.330880
-0.235693
-0.043857
0.196709
0.015756
-0.019330
0.007634
-0.206617
-0.036061
0.493803
0.387083
0.009421
0.158699
0.190049
-0.208242
-0.225135
0.007797
-0.074558
-0.158862
0.023716
0.189399
-0.100872
-0.332180
0.028589
0.171531
-0.056365
0.080081
0.229683
0.068710
0.128811
0.196871
0.039959
-0.010883
0.091289
0.230658
0.111918
-0.118253
-0.166658
-0.072446
-0.000487
-0.112568
-0.237967
-0.089502
0.194272
0.100222
0.033299
0.110131
-0.139532
-0.085603
0.216201
-0.050842
-0.226272
0.131410
0.256485
0.043045
-0.061725
-0.022903
-0.037360
0.039472
0.044345
-0.207430
-0.672644
-0.187450
1.042184
0.764582
0.015919
-0.264282
-0.344200
-0.023228
0.212303
-0.485681
-1.017494
0.721537
1.214690
-0.692948
-0.686776
0.735994
0.327632
-0.723486
-0.217501
0.182090
-0.073583
0.405925
0.631873
-0.365966
-0.144567
0.808277
-0.191836
-0.956418
0.008609
0.597761
-0.254049
-0.437275
0.437113
0.253561
-0.204506
-0.002274
-0.051167
-0.297906
-0.077969
0.241216
0.251937
0.302129
0.178679
-0.091126
0.146029
0.376850
-0.013320
-0.267368
0.010721
0.071309
-0.098923
0.103146
0.119715
-0.170557
0.033787
0.185826
-0.270292
-0.326657
0.295307
0.185501
-0.417296
-0.059451
0.275328
-0.195409
-0.209866
0.300180
0.217013
-0.255348
-0.041746
0.316911
-0.041096
-0.078456
0.163735
-0.073583
-0.257947
0.032325
0.444747
0.182090
-0.096974
0.061400
-0.210191
-0.322434
0.174780
0.032974
-0.306190
0.306515
0.414210
-0.315774
-0.251937
0.256810
-0.038335
-0.312363
0.074070
0.060588
-0.095674
0.289135
0.127187
-0.546107
0.043370
0.748176
-0.023878
-0.360119
0.331205
0.534249
-0.090639
-0.323246
0.148141
0.006335
0.019492
0.317398
-0.160811
-0.386433
0.093238
0.219937
-0.212952
-0.149765
0.138070
0.051817
0.073583
0.323896
0.127999
-0.124100
0.125400
0.138557
-0.036710
-0.019817
0.152527
-0.009259
-0.143268
0.054741
-0.081705
-0.245277
-0.046619
0.135471
-0.068710
-0.113705
0.101847
0.064487
-0.053766
0.021604
0.157237
0.125400
0.083492
0.009584
0.009259
0.155613
0.097136
-0.236181
-0.009096
0.447671
-0.327632
-0.976073
-0.252587
0.325358
0.066761
0.031025
-0.069522
0.047918
0.766694
0.050842
-0.851810
0.062375
0.926530
0.077969
-0.562513
0.413397
0.635284
-0.119065
-0.159349
-0.151714
-0.541396
-0.266718
0.102334
-0.206130
-0.101684
0.445884
0.314799
-0.291896
-0.022254
0.363692
-0.151552
-0.243165
0.356545
0.488767
0.120852
0.150740
0.186476
-0.023391
-0.119390
-0.318860
-0.249988
0.048568
0.089339
-0.071147
-0.031512
0.185663
0.173156
0.050030
-0.018680
-0.043533
-0.014619
0.016081
0.016568
0.087228
0.153339
0.067573
-0.077806
-0.007147
0.085928
-0.158212
-0.246252
-0.113542
0.031025
0.013157
-0.057827
0.150252
0.251774
0.031188
-0.120527
-0.050842
-0.017705
0.059939
0.164384
0.512320
-0.140831
-0.921494
-0.205480
0.359956
0.271267
-0.198496
0.030050
0.372789
0.334129
-0.169907
-0.946347
-0.037685
0.962915
0.112568
-0.696847
0.144730
0.676380
0.099573
-0.426230
-0.509234
-0.244302
0.297419
0.370677
-0.532137
-0.149928
0.897617
0.325033
-0.590452
-0.184689
0.568361
0.115167
-0.194272
0.204506
0.202232
0.035411
0.184364
0.219775
-0.151390
-0.356058
-0.137745
0.054903
-0.010233
-0.017705
-0.007959
-0.099085
-0.049055
0.131410
0.025990
-0.176405
-0.047269
0.238617
0.229196
-0.167958
0.056365
0.433864
0.096486
-0.134659
-0.112405
-0.087877
-0.016568
0.036061
-0.075857
-0.121664
0.076994
0.080730
-0.078294
0.003249
0.001949
-0.131248
-0.097461
0.019655
0.058964
0.050680
0.322109
0.102009
-0.248688
0.151714
0.240566
0.063025
0.016244
-0.009584
0.019492
-0.078619
-0.332017
-0.298231
0.135796
0.266881
0.097461
-0.021766
-0.011858
0.118740
0.141968
-0.097786
-0.203856
0.087877
0.412423
0.418758
-0.019005
-0.193135
0.108182
0.028264
-0.299693
-0.223511
-0.000487
-0.009421
0.052304
0.127512
-0.172019
-0.255673
0.218963
0.300018
-0.134821
-0.061888
0.293520
0.077157
-0.081867
0.216526
0.118903
-0.173156
0.089014
0.223511
-0.127674
-0.147491
0.048406
-0.060751
-0.216851
-0.083167
0.070334
0.028589
0.124263
0.162435
0.016731
-0.038335
-0.050030
-0.076507
-0.080730
-0.166496
-0.109969
0.160323
0.083004
-0.071309
0.121177
0.177704
-0.104771
-0.053604
0.066111
-0.048406
-0.247876
-0.368890
0.616604
1.065412
0.372139
-0.087065
-0.441661
-0.147816
0.171044
-0.417296
-1.000113
0.047431
1.193573
0.049705
-0.791059
0.249825
0.553254
-0.256160
-0.425093
-0.031350
0.093725
0.208242
0.506473
0.078131
-0.133684
0.421519
0.046944
-0.563000
-0.084304
0.353621
-0.083654
-0.308627
0.155938
0.203044
-0.185501
-0.136121
0.084954
0.019330
-0.108182
0.060101
0.169745
0.134821
0.088040
-0.068548
-0.007959
0.237643
0.184851
-0.106882
-0.025015
0.036710
-0.180303
-0.128324
0.108344
0.049705
-0.107207
-0.023553
0.009259
-0.075045
-0.034274
0.042720
-0.128811
-0.046781
0.185988
-0.046456
-0.134659
0.183064
0.207917
-0.106557
-0.123451
0.053604
0.048893
0.139857
0.162760
-0.174293
-0.207917
-0.130111
-0.219125
0.256972
0.788298
0.185338
-0.261845
0.147166
-0.375388
-0.221237
0.389032
-0.578431
-0.096324
1.069960
-0.048081
-0.909312
0.160323
0.582330
-0.627487
-0.707405
0.438088
0.258759
-0.211653
0.371164
0.127674
-0.437763
0.371814
0.576320
-0.338190
-0.172993
0.670045
0.311063
-0.301967
0.067086
0.179004
-0.127187
0.006985
-0.012183
-0.267043
-0.114517
0.020792
-0.001299
-0.037035
-0.073096
-0.090639
0.078619
0.428666
0.153339
-0.183877
0.124263
0.247551
-0.058314
0.115004
0.285723
-0.083492
-0.039959
0.164384
-0.090476
-0.440524
-0.063187
0.274190
-0.213602
-0.317398
0.151390
0.181278
-0.257135
-0.032162
0.151877
-0.148303
0.048893
0.226922
0.055715
0.032812
0.276952
-0.003411
-0.108832
0.274840
-0.037198
-0.594025
-0.458067
0.138720
0.179166
-0.077319
-0.103958
0.133684
0.584279
0.245927
-0.525478
-0.187775
0.535873
0.264120
-0.374251
-0.026639
0.455793
0.199470
-0.014294
-0.163572
-0.294820
-0.336403
-0.119877
-0.002599
-0.026802
0.273378
0.289784
0.006822
0.143755
0.282312
-0.138070
-0.230171
0.176242
0.343225
0.069522
-0.112405
0.156263
0.175105
-0.173318
-0.379773
-0.263470
-0.087228
0.096974
0.178029
-0.064487
0.012995
0.336403
0.181278
-0.017218
0.062050
0.065461
0.092263
0.047431
-0.012183
0.071309
-0.025990
-0.147004
-0.101197
-0.047431
-0.075370
-0.102009
0.006173
0.002437
-0.110943
0.012183
0.155288
0.102009
0.019330
0.113705
-0.025340
-0.142131
0.168283
0.344687
0.269480
-0.546594
-0.911099
-0.010883
0.407712
0.072446
-0.050030
0.111918
0.317561
0.354271
-0.617253
-0.870327
0.641131
0.916946
-0.400403
-0.404788
0.624401
0.465702
-0.158699
-0.330718
-0.401540
-0.291571
0.334291
0.241703
-0.431915
0.297906
0.796582
-0.126537
-0.626025
0.159999
0.484706
-0.217988
-0.107694
0.380748
0.151714
0.034599
0.319835
0.130111
-0.179328
-0.153339
-0.176729
-0.154151
0.037035
0.116304
-0.199145
-0.168283
0.281500
0.199633
-0.116791
-0.003736
0.001299
-0.126050
0.025340
-0.073421
-0.033462
0.290921
0.246414
-0.198333
-0.260059
0.248363
0.102009
-0.280688
0.086740
0.251937
-0.155613
-0.030700
0.283449
-0.000487
-0.209541
-0.087877
-0.221724
-0.188750
0.223348
0.289135
-0.031512
-0.428017
-0.193135
0.069197
-0.038822
0.120040
0.140344
0.130598
0.243328
0.019167
-0.384809
-0.100385
0.441661
0.199470
-0.190374
0.020467
0.313175
0.136770
-0.112243
-0.198658
-0.253074
0.022416
0.476747
0.131897
-0.433864
0.162110
0.496077
-0.344362
-0.563650
0.154151
0.362230
-0.055878
0.029888
0.173806
-0.089339
0.101035
0.346312
0.073746
-0.216201
0.104608
0.341276
-0.023228
0.012832
0.188262
-0.120040
-0.219125
0.123613
0.032812
-0.213765
0.043857
0.116304
-0.155775
-0.159511
0.087715
0.070822
0.053766
0.198983
0.064162
-0.093075
0.051167
0.072771
-0.156587
-0.085441
0.060426
-0.052467
-0.016081
0.021929
-0.099573
-0.099410
-0.095349
-0.213277
-0.158212
0.145542
0.166496
-0.251450
0.178354
0.899403
0.373926
-0.106882
-0.152689
-0.234069
0.130598
0.154476
-0.819160
-0.592401
0.860256
0.365479
-0.829069
-0.192161
0.541234
-0.089664
-0.397641
0.014944
-0.068385
-0.010396
0.630736
0.421844
-0.148303
0.384809
0.477559
-0.292708
-0.291571
0.221724
-0.023228
-0.344525
0.108344
0.278901
-0.094375
-0.225947
0.012670
0.029076
-0.103146
-0.039797
0.007147
0.133197
0.252587
0.055878
-0.017705
0.226759
0.093075
-0.037685
0.125887
-0.079756
-0.222699
0.186800
0.216526
-0.237805
-0.154151
0.065461
-0.071471
-0.072121
0.124750
0.053441
-0.188587
0.020142
0.261683
-0.127836
-0.260384
0.181927
0.310414
-0.032974
-0.101197
0.137258
-0.002761
-0.029563
0.027289
-0.224323
-0.632198
-0.193785
1.002062
0.770917
-0.083817
-0.031512
-0.137258
-0.600360
0.037685
0.081542
-1.085392
0.225460
1.555804
-0.239592
-1.064437
0.501112
0.624563
-0.909962
-0.634472
0.478859
0.012670
-0.094537
0.676380
-0.025340
-0.472524
0.558777
0.328606
-0.658025
-0.210029
0.750938
0.159186
-0.478047
0.258597
0.348261
-0.105745
-0.010071
0.055553
-0.167633
-0.156912
0.085766
0.095837
0.116304
0.044995
-0.205480
0.058964
0.347611
-0.032487
-0.271429
-0.036710
0.070172
-0.020467
0.121989
0.229358
-0.041746
0.032487
0.288647
-0.124588
-0.410636
0.240729
0.465214
-0.234069
-0.124263
0.330231
-0.008447
-0.198821
0.013645
0.057989
-0.099410
-0.091613
0.078619
0.007959
-0.048568
0.011695
-0.121501
-0.157075
-0.133847
0.122639
0.278414
-0.086740
-0.095025
0.078943
-0.078131
-0.147004
0.087715
0.282637
0.294820
0.155938
-0.011858
-0.014619
0.013969
-0.142131
-0.190374
0.007634
0.004061
-0.073096
0.004873
0.009584
-0.513133
-0.389682
0.499650
0.223836
-0.185338
0.254536
0.563812
0.278414
-0.124913
-0.038822
-0.008122
-0.017705
0.337053
0.188262
-0.337215
-0.138882
0.251287
-0.028589
-0.447184
-0.274353
0.096811
0.107045
0.120364
0.118740
0.018842
0.206293
0.224485
-0.035898
-0.011533
0.245439
0.260384
0.018842
-0.046294
-0.052791
-0.093238
-0.090314
-0.156912
-0.088527
0.042558
0.061076
-0.070010
-0.099898
0.011046
-0.022416
0.032649
0.010883
-0.019330
0.050517
0.178841
0.129948
-0.146029
-0.114842
0.297581
0.448971
-0.473011
-0.892581
-0.025665
0.369377
0.055553
0.002761
-0.108344
0.039472
0.799018
-0.006985
-1.026103
0.207430
0.992804
-0.213277
-0.619203
0.488442
0.542208
-0.185663
-0.083004
-0.071309
-0.478047
-0.115979
0.226922
-0.212628
-0.014294
0.525803
0.141481
-0.410961
0.007959
0.364017
-0.229034
-0.288322
0.419570
0.491204
0.095999
0.133522
0.233582
0.049705
-0.256648
-0.393418
-0.183714
0.069197
0.151552
-0.028101
-0.100872
0.100060
0.072446
-0.077969
-0.056527
-0.094212
-0.022741
0.191186
0.187937
0.083979
0.143105
0.130273
-0.090314
-0.074070
0.116628
-0.033949
-0.198983
0.143593
0.182740
-0.236830
-0.124100
0.199633
0.084629
-0.179978
-0.046619
-0.073908
-0.169745
0.127024
0.130598
0.319672
-0.157400
-0.900865
-0.336890
0.436788
0.435326
-0.300667
-0.117441
0.656888
0.322109
-0.574858
-0.614979
0.439062
0.774491
0.006822
-0.253399
0.107694
0.419895
0.403326
-0.329743
-0.760359
-0.105096
0.603609
0.131735
-0.753861
-0.012183
0.803079
-0.074070
-0.625538
-0.055066
0.309926
0.037360
-0.074233
0.054253
-0.023553
0.182902
0.459204
0.285561
-0.056852
-0.099410
0.004548
-0.084629
0.071959
0.139694
-0.250475
-0.181602
0.263957
0.086740
-0.178841
-0.062538
-0.089827
0.013969
0.146354
-0.097461
-0.117441
0.327794
0.405113
-0.205480
-0.422006
0.100222
0.206293
-0.153826
0.016081
0.209866
-0.081542
-0.048893
0.123126
-0.099410
-0.167958
0.047269
-0.052629
-0.107694
0.229683
0.274840
0.115979
-0.097299
-0.077482
0.299368
0.183877
-0.003411
-0.042233
-0.113380
0.030863
-0.137745
-0.589802
-0.400078
0.344850
0.401215
-0.008284
-0.022578
0.084791
0.150415
0.052467
-0.256810
-0.252749
0.241866
0.570635
0.303754
-0.021441
0.074395
0.071471
-0.289784
-0.279876
0.032162
-0.030375
-0.163085
0.114679
0.251450
-0.178679
-0.334291
0.142131
0.262008
-0.070334
0.028101
0.198496
0.071309
0.120202
0.029563
-0.243978
-0.036385
0.191511
0.071471
-0.051330
-0.031512
0.007147
-0.121501
-0.112080
-0.031512
-0.030538
0.080081
0.179978
0.159349
0.149440
0.104121
-0.120852
-0.101360
0.115329
-0.018193
-0.099248
0.052629
0.119390
0.062213
-0.159186
-0.180790
0.042396
0.069360
-0.085278
-0.061238
-0.144405
-0.544807
0.281338
1.213066
0.524828
-0.021279
-0.173643
-0.279226
-0.073096
-0.008284
-0.666309
-0.622939
1.016844
0.876500
-0.937576
-0.487143
0.843688
-0.011695
-0.967464
-0.228384
0.369540
0.162273
0.410798
0.477397
-0.200120
0.165034
0.505173
-0.440849
-0.589477
0.323571
0.441986
-0.328769
-0.159836
0.406900
-0.014294
-0.212952
-0.045157
-0.212303
-0.217663
0.112568
0.190374
0.068548
0.169095
-0.010396
-0.183064
0.136608
0.200283
-0.085766
-0.085603
0.052467
-0.079593
-0.087715
0.156425
0.018842
-0.099085
0.170882
0.065299
-0.234231
0.045969
0.303754
-0.134659
-0.199308
0.206130
0.125075
-0.086578
0.063675
0.232932
-0.010071
-0.207430
-0.122151
-0.052467
0.044832
0.111268
-0.108669
-0.325358
-0.108019
0.254211
0.399428
0.013807
-0.056203
0.075370
-0.373763
0.025502
0.301317
-0.441174
0.068060
0.858795
0.031675
-0.353134
0.337703
0.253886
-0.457742
-0.265581
0.170882
-0.229521
-0.054741
0.393743
-0.188587
-0.400078
0.400403
0.328281
-0.481783
-0.143755
0.576807
0.222699
-0.274353
0.144730
0.247876
0.011695
0.272241
0.027452
-0.321459
0.064487
0.255348
-0.035086
-0.118090
-0.005198
-0.104608
-0.124425
0.121501
0.085928
-0.072121
0.136283
0.166171
-0.146029
0.063999
0.249175
-0.101360
-0.099735
0.168770
0.015431
-0.199308
0.077482
0.091289
-0.158699
-0.098273
0.031350
-0.091776
-0.134984
0.062375
0.060101
-0.010721
-0.050355
-0.018842
0.006173
0.095187
0.170557
0.029888
0.243815
0.261196
-0.478859
-0.654614
-0.077644
0.156425
0.014132
0.067248
0.073421
0.388058
0.635771
-0.347611
-0.574208
0.428017
0.599710
-0.205156
-0.313500
0.425580
0.299693
-0.113705
-0.227247
-0.427204
-0.389357
-0.084304
-0.055228
-0.219125
0.237318
0.447509
0.016244
-0.050680
0.292708
0.244140
-0.214090
-0.025827
0.473336
0.282962
-0.030050
0.130435
0.081542
-0.044670
-0.120852
-0.336078
-0.202881
-0.009259
0.038822
-0.046132
-0.075207
0.168120
0.309114
0.151065
0.047593
0.049705
0.025827
-0.006335
-0.039959
0.042558
0.124750
0.053604
-0.201582
-0.082030
0.103796
-0.183552
-0.286536
-0.008771
0.140669
-0.014944
0.085441
0.297581
0.144892
-0.155775
-0.098436
-0.035411
-0.134171
-0.030538
0.339002
0.456768
-0.640319
-0.970063
-0.088202
0.216688
0.057827
0.019005
0.200445
0.271592
0.464564
-0.251774
-0.844338
0.422656
0.997677
-0.177379
-0.349723
0.662248
0.545295
-0.143593
-0.350048
-0.446372
-0.376850
0.303266
0.237967
-0.499163
0.172019
0.689700
-0.218475
-0.711953
0.033949
0.294170
-0.316749
-0.012670
0.459204
0.135633
0.203856
0.484869
0.073746
-0.243328
-0.008122
-0.082679
-0.174293
0.269155
0.271429
-0.258597
-0.148466
0.323896
0.124750
-0.208404
-0.012345
-0.024365
-0.184851
0.007959
-0.049380
-0.145542
0.142456
0.154801
-0.182252
-0.230820
0.072284
0.154313
-0.150252
-0.088202
0.214577
0.086903
0.035736
0.274190
0.174455
-0.198333
-0.161623
-0.045482
-0.121826
0.028426
0.252587
0.253399
-0.204993
-0.308139
0.054578
-0.049055
-0.038172
0.057502
-0.008122
0.063512
0.073096
-0.157725
-0.211003
0.187125
0.272404
0.041421
0.019330
0.103471
0.180953
0.134821
-0.154313
-0.267368
0.063512
0.413397
0.257622
-0.245927
-0.121014
0.289297
0.000650
-0.358007
-0.108182
0.190536
0.055715
0.069035
0.118578
-0.139694
0.010721
0.295794
0.111430
-0.201420
-0.064162
0.227896
0.101035
-0.002274
0.070822
-0.021766
-0.099898
0.100385
0.031675
-0.166334
0.005035
0.097299
-0.044182
-0.125725
-0.002437
-0.005198
0.034274
0.222211
0.104771
-0.075207
0.024040
0.103958
-0.061400
-0.181115
-0.089827
0.122151
0.042883
-0.180953
-0.057015
0.132060
-0.104771
-0.305865
-0.047593
0.071309
-0.109319
-0.312363
0.341276
0.972174
0.422331
-0.094212
-0.304079
-0.367266
0.057015
0.148303
-0.760196
-0.455143
1.051605
0.464727
-0.849211
-0.149115
0.557802
-0.153014
-0.439712
0.086903
0.150577
0.056203
0.471387
0.362393
-0.132385
0.184851
0.332830
-0.299855
-0.296444
0.276140
0.041908
-0.339165
0.071309
0.238292
-0.125887
-0.141806
-0.005198
0.005035
0.007797
0.019005
0.095999
0.158212
0.150252
-0.011533
-0.029076
0.222699
0.167795
-0.101684
-0.038497
0.064162
-0.172506
-0.112892
0.205480
0.035898
-0.106557
-0.067573
-0.043045
0.009096
0.019980
0.052304
-0.049705
0.049543
0.196871
0.061563
-0.164872
-0.070659
0.236343
0.038497
-0.197034
-0.064324
0.038822
0.112405
-0.018193
-0.244627
-0.320485
-0.468463
0.103796
0.831343
0.384322
-0.105258
0.068548
-0.335916
-0.515894
0.413560
-0.270942
-0.810551
1.119178
1.077920
-0.850673
-0.409337
0.805029
-0.128811
-1.000925
0.043045
0.347611
-0.343713
0.386108
0.561376
-0.615142
-0.089502
0.748664
-0.224973
-0.706430
0.332180
0.650878
-0.280525
-0.192161
0.448321
0.042558
-0.110618
0.181765
-0.063675
-0.190374
0.107045
0.101847
0.007472
0.105420
-0.056690
-0.145055
0.253399
0.353296
-0.027452
-0.043045
0.182902
0.064162
-0.069522
0.151390
0.077482
-0.194435
0.023228
0.179004
-0.338352
-0.451732
0.305216
0.225135
-0.345012
-0.043370
0.249013
-0.055553
-0.143593
0.151552
0.126699
-0.091776
0.076507
0.267856
-0.011208
-0.045157
0.189562
-0.101035
-0.223998
-0.034111
0.051330
-0.151877
-0.342738
0.047431
0.029563
-0.219612
-0.157400
0.242191
0.560076
0.087065
-0.126537
0.167308
0.238942
-0.051654
-0.159511
0.078294
0.120852
0.010558
-0.056852
-0.121177
-0.279713
-0.429478
-0.158537
0.228871
0.055715
0.031837
0.271104
0.325195
0.232445
-0.130760
-0.088365
0.045644
0.207105
0.473336
0.079106
-0.144405
0.166009
0.225135
-0.227572
-0.484544
-0.165684
0.066761
0.039147
0.090801
0.032487
0.038335
0.245927
0.045644
-0.189562
0.041259
0.234394
0.034924
0.021279
0.082030
-0.066111
-0.066598
-0.116141
-0.099898
0.000162
0.029401
0.068710
0.078781
-0.026639
-0.083979
0.076832
0.098761
-0.022091
-0.035898
0.067573
0.135471
-0.025990
-0.046944
-0.100872
0.042558
0.525478
-0.331205
-1.210142
-0.185501
0.587853
0.164384
-0.036385
-0.085116
0.124425
0.801780
-0.032649
-1.074996
0.226597
1.148741
-0.071309
-0.592888
0.401865
0.499326
-0.186476
-0.157887
-0.133359
-0.476260
-0.033624
0.285236
-0.292058
-0.020629
0.445235
-0.091938
-0.391631
0.090639
0.228384
-0.268180
-0.133197
0.412260
0.401052
0.153664
0.110618
0.266718
0.201095
-0.252749
-0.445884
-0.096324
0.229521
0.111430
-0.083329
0.070334
0.224973
0.164547
0.078131
-0.117441
-0.284749
-0.005523
0.207105
-0.092913
-0.073258
0.293195
0.117603
-0.296769
-0.165359
0.057989
-0.162598
-0.223998
0.059126
0.083167
-0.019492
0.079431
0.087228
0.088690
0.133197
-0.051817
-0.279551
0.051654
0.338840
0.095999
0.221074
-0.112080
-0.639507
-0.189562
0.294495
0.159836
-0.228059
-0.049868
0.316261
0.066436
-0.433864
-0.410798
0.202719
0.518006
0.114679
-0.194435
0.073096
0.333967
0.195409
-0.173156
-0.353296
-0.054253
0.566574
0.424281
-0.432240
-0.246252
0.451407
0.055066
-0.529051
-0.228221
0.256810
0.158049
-0.052304
0.041421
-0.088202
0.011533
0.465702
0.272404
-0.180303
-0.053441
0.188750
0.044995
0.049543
0.058802
-0.195409
-0.023228
0.209866
0.005035
-0.078943
-0.039634
-0.202719
-0.156912
0.077482
-0.083004
-0.110618
0.333317
0.400078
-0.070659
-0.152527
0.182740
0.039147
-0.166171
0.124750
0.100385
-0.189562
0.033787
0.166983
-0.176892
-0.282800
-0.124425
-0.060426
-0.035086
0.020792
0.128649
-0.056203
0.081867
0.542858
0.300830
0.045969
-0.068060
-0.106233
0.139532
-0.024040
-0.620502
-0.324870
0.578269
0.218313
-0.403489
0.066761
0.297906
-0.150090
-0.166496
-0.014294
-0.196709
-0.098436
0.410474
0.427367
0.006335
0.112730
0.203044
-0.212140
-0.235206
0.059126
-0.128324
-0.186963
0.147329
0.187775
-0.165846
-0.286860
0.085441
0.134984
-0.089989
0.084791
0.240891
0.043370
0.090314
0.150415
-0.112730
-0.034436
0.188262
0.127999
0.041259
0.062862
-0.000487
-0.046132
0.012345
-0.034111
-0.124425
-0.110943
0.095674
0.172344
0.080568
-0.000325
-0.160648
-0.029401
0.170557
-0.138070
-0.252587
0.139369
0.248688
-0.009584
-0.081542
-0.051817
-0.047918
0.165034
0.090964
-0.216039
-0.542371
-0.144892
0.983057
0.824683
0.071309
-0.272404
-0.411123
-0.084791
0.202719
-0.450595
-1.021717
0.604096
1.349511
-0.544320
-0.821272
0.665172
0.460991
-0.714552
-0.443285
0.178516
0.050680
0.325195
0.615467
-0.165034
-0.191186
0.718126
0.024040
-0.923119
-0.186151
0.528239
-0.168283
-0.504686
0.270942
0.283124
-0.164547
-0.028264
-0.021441
-0.295794
-0.152202
