0.053197
0.088662
0.099718
0.058621
-0.004590
-0.056952
-0.071764
-0.058621
-0.046521
-0.049859
-0.051111
-0.015646
0.045895
0.092208
0.091791
0.060498
0.024408
-0.000209
0.017524
0.026286
-0.003546
-0.041097
-0.062376
-0.032544
0.005007
0.028580
0.043809
0.040889
0.055283
0.085324
0.108480
0.099092
0.058830
0.031501
0.019610
0.029415
0.060290
0.075727
0.066966
0.059038
0.064045
0.070095
0.067800
0.044435
0.021070
0.017315
0.041306
0.096589
0.140815
0.150412
0.139981
0.120162
0.099092
0.081569
0.051945
0.006050
-0.038177
-0.051737
-0.021487
0.020653
0.044852
0.058621
0.065922
0.071764
0.072390
0.031084
-0.039846
-0.124752
-0.183164
-0.173359
-0.136226
-0.065297
0.004590
0.058204
0.098675
0.072390
0.018150
-0.061333
-0.148951
-0.195890
-0.198602
-0.133514
-0.048607
0.030249
0.082403
0.109106
0.125795
0.091791
0.034630
-0.044435
-0.110775
-0.127464
-0.106602
-0.046313
0.005424
0.040263
0.086367
0.124961
0.134974
0.098466
0.020236
-0.069886
-0.131219
-0.133931
-0.083863
0.001043
0.062585
0.100970
0.144362
0.168353
0.154584
0.084489
-0.021905
-0.108897
-0.132471
-0.098258
-0.035256
0.050902
0.129967
0.185459
0.217794
0.209658
0.161051
0.087410
0.011682
-0.040680
-0.035047
0.009179
0.045687
0.076770
0.097632
0.114947
0.135600
0.117033
0.061124
-0.018775
-0.088662
-0.096589
-0.070929
-0.024825
0.025868
0.053197
0.071972
0.082820
0.078022
0.044644
-0.027329
-0.118911
-0.176906
-0.178783
-0.148117
-0.092834
-0.039220
0.001460
0.043809
0.080734
0.075727
0.018984
-0.061124
-0.134557
-0.168770
-0.155627
-0.127673
-0.102222
-0.070512
-0.049233
-0.035465
-0.043392
-0.075727
-0.118076
-0.161260
-0.163972
-0.119119
-0.046313
0.017524
0.051945
0.073433
0.086367
0.074893
0.054031
0.010639
-0.042558
-0.053614
-0.041723
-0.009805
0.017315
0.044644
0.073641
0.093042
0.124961
0.133097
0.107437
0.058830
0.016063
0.016063
0.052988
0.085324
0.100135
0.105977
0.103265
0.093877
0.061542
0.014603
-0.053406
-0.118911
-0.137060
-0.094503
-0.020653
0.035465
0.085532
0.132054
0.162511
0.159382
0.119745
0.059873
-0.021696
-0.088453
-0.113278
-0.097841
-0.058204
-0.021487
0.019610
0.062167
0.086158
0.091791
0.063419
0.012308
-0.021905
-0.037759
-0.040263
-0.039220
-0.039846
-0.042766
-0.036508
-0.022322
-0.019818
-0.033378
-0.066131
-0.095963
-0.105977
-0.086575
-0.042975
-0.022739
-0.008345
0.023991
0.056743
0.081360
0.065297
0.015020
-0.034839
-0.063210
-0.045478
0.006258
0.057578
0.088453
0.095963
0.106602
0.127881
0.128090
0.101387
0.056535
0.015438
0.014812
0.058204
0.092417
0.100553
0.102222
0.109523
0.138729
0.158756
0.145822
0.098049
0.034422
-0.008553
-0.021905
-0.021070
-0.015855
-0.011265
-0.002712
0.036299
0.088662
0.124335
0.114321
0.070721
0.015020
-0.028163
-0.008553
0.026703
0.032753
0.028163
0.028372
0.053823
0.076562
0.059038
0.014186
-0.038802
-0.059038
-0.038594
-0.008970
0.001252
-0.012934
-0.022739
-0.010848
0.021696
0.034213
0.003964
-0.050276
-0.091165
-0.085950
-0.071346
-0.063210
-0.059873
-0.073433
-0.066757
-0.036299
-0.005424
0.011265
-0.004798
-0.031710
-0.038385
-0.021905
-0.000626
0.012517
0.022739
0.041097
0.068009
0.084906
0.095963
0.079900
0.015229
-0.038594
-0.038385
-0.005007
0.017315
0.014603
0.029415
0.065922
0.095129
0.117242
0.105768
0.069678
0.031710
0.012308
0.037134
0.055909
0.045478
0.032753
0.032753
0.043392
0.043183
0.042349
0.031501
-0.002295
-0.016898
0.008136
0.042140
0.063836
0.075102
0.072598
0.086993
0.103682
0.091791
0.041723
-0.041097
-0.097215
-0.102847
-0.072807
-0.032961
-0.004590
0.010848
0.036299
0.070929
0.085950
0.076353
0.037968
-0.023574
-0.063836
-0.056326
-0.031710
-0.019193
-0.023156
-0.026494
-0.008553
0.041306
0.068009
0.046104
0.007719
-0.016689
0.007302
0.043809
0.071346
0.084489
0.070512
0.069469
0.089496
0.104308
0.077396
0.005215
-0.043809
-0.061333
-0.036925
0.004590
0.014603
0.014394
-0.018984
-0.025242
-0.001252
-0.009596
-0.033170
-0.073224
-0.081986
-0.042975
0.000000
0.022739
0.009179
-0.027954
-0.052780
-0.041932
-0.011057
-0.009596
-0.023991
-0.013769
0.024825
0.078857
0.101596
0.101178
0.070929
0.024199
0.004381
0.012517
0.042975
0.026286
-0.008970
-0.014186
-0.000417
0.020236
0.001460
-0.046521
-0.100135
-0.124126
-0.097423
-0.060081
-0.047773
-0.056743
-0.066340
-0.061542
-0.039428
-0.026286
-0.050068
-0.106811
-0.166475
-0.179826
-0.146239
-0.111818
-0.067174
-0.041306
-0.018358
0.025868
0.054031
0.064045
0.008345
-0.074267
-0.109732
-0.108689
-0.078022
-0.040889
-0.004590
0.033170
0.069469
0.094711
0.094086
0.068634
0.013351
-0.026494
-0.014394
0.021696
0.065297
0.083446
0.094711
0.107646
0.112861
0.129759
0.110358
0.063628
0.012100
-0.010431
0.021070
0.056952
0.099092
0.132054
0.158756
0.192135
0.184416
0.152081
0.089287
0.004798
-0.037134
-0.041723
-0.003546
0.042140
0.063628
0.074684
0.089287
0.118911
0.110566
0.065714
0.004590
-0.054449
-0.066966
-0.048607
-0.002295
0.049233
0.077396
0.096589
0.098258
0.083863
0.036090
-0.037759
-0.093877
-0.117659
-0.089496
-0.025868
0.048399
0.112235
0.144988
0.169813
0.162929
0.108897
0.021070
-0.082403
-0.139146
-0.137060
-0.096172
-0.046313
-0.000834
0.032753
0.048190
0.064045
0.057161
0.007302
-0.064254
-0.128090
-0.159382
-0.144570
-0.089913
-0.022322
0.034630
0.076770
0.108897
0.120788
0.092834
0.027954
-0.071764
-0.141233
-0.137686
-0.106394
-0.040054
0.025034
0.081569
0.147908
0.173985
0.167101
0.109314
0.013560
-0.050485
-0.074893
-0.055492
-0.028372
0.009805
0.056535
0.068634
0.096589
0.099927
0.062793
0.006467
-0.065088
-0.074684
-0.060916
-0.035465
0.016481
0.054449
0.098675
0.135600
0.153332
0.134557
0.073850
0.022739
-0.015646
-0.022948
-0.006050
0.007719
0.027120
0.051319
0.094294
0.120788
0.111609
0.084698
0.017315
-0.042766
-0.061124
-0.040263
0.002295
0.012100
0.019401
0.041097
0.052780
0.046730
0.014812
-0.033587
-0.086784
-0.111401
-0.084698
-0.045478
-0.023365
-0.019818
-0.001669
0.035673
0.063419
0.093251
0.061124
-0.009388
-0.035047
-0.031710
0.009388
0.038594
0.050694
0.067383
0.066131
0.084072
0.097632
0.073224
0.008136
-0.062585
-0.086367
-0.065297
-0.021279
0.014186
0.028372
0.032753
0.048816
0.076979
0.077188
0.028163
-0.030041
-0.064254
-0.071764
-0.050276
-0.040889
-0.053823
-0.049859
-0.017524
0.030249
0.078648
0.102222
0.065714
0.009596
-0.017524
-0.012517
0.002503
0.013143
0.028163
0.049233
0.099301
0.153750
0.174402
0.128090
0.028580
-0.049442
-0.082612
-0.073641
-0.059247
-0.044435
-0.010431
0.027746
0.080526
0.117033
0.093460
0.028163
-0.050902
-0.099510
-0.094294
-0.075310
-0.065297
-0.047564
-0.011265
0.044852
0.085950
0.090748
0.060707
0.008970
-0.017524
-0.020653
-0.017315
-0.013560
-0.006676
0.016689
0.051111
0.101596
0.152081
0.139146
0.073015
-0.001252
-0.049859
-0.064879
-0.081151
-0.080317
-0.073433
-0.058830
-0.005424
0.063628
0.081777
0.042349
-0.001669
-0.052154
-0.071138
-0.069052
-0.079691
-0.060916
-0.036925
0.008553
0.063210
0.077396
0.074058
0.024199
-0.014812
-0.020653
-0.016481
-0.000209
-0.016481
-0.020027
-0.010431
0.007510
0.031710
0.027954
0.011057
-0.016063
-0.025034
-0.015646
-0.007927
-0.011891
-0.035465
-0.034630
-0.004381
0.029415
0.059873
0.059664
0.044018
0.027120
-0.005007
-0.009805
-0.013143
-0.030249
-0.027120
-0.003546
0.061333
0.110566
0.113278
0.076145
0.028789
0.018775
0.033587
0.045687
0.019610
0.003755
0.011891
0.040263
0.075102
0.068217
0.052988
0.019610
-0.000209
0.003964
0.002086
0.006258
-0.014186
-0.027746
-0.019818
0.009596
0.038594
0.025242
0.007927
-0.014812
-0.027329
-0.010639
0.005841
0.011891
-0.010014
-0.017524
0.018150
0.048816
0.064254
0.042766
0.009179
-0.017106
-0.038177
-0.026911
-0.035673
-0.056118
-0.059038
-0.042558
-0.003755
0.020444
0.033170
0.025868
0.006676
0.007093
0.005215
-0.015646
-0.061959
-0.113904
-0.116616
-0.084489
-0.037968
0.007510
0.028580
0.042140
0.053197
0.056952
0.045478
0.019818
-0.010014
-0.019401
-0.006676
0.034839
0.077188
0.080734
0.074267
0.061750
0.062376
0.074893
0.073433
0.065297
0.046104
0.033170
0.037551
0.033796
0.034213
0.043809
0.052571
0.064462
0.079691
0.078648
0.024408
-0.039846
-0.065297
-0.056743
-0.016481
0.022113
0.059455
0.080526
0.086784
0.114321
0.114738
0.077188
0.002086
-0.063210
-0.074267
-0.065505
-0.018775
0.010014
0.020236
0.056326
0.070512
0.081777
0.051528
-0.016063
-0.071346
-0.120580
-0.099510
-0.063419
-0.030249
-0.000417
0.001669
0.027746
0.020236
0.016063
-0.004172
-0.074893
-0.116616
-0.131636
-0.084489
-0.036299
-0.016898
0.023782
0.065714
0.114530
0.127881
0.108689
0.042140
-0.058204
-0.093877
-0.086993
-0.035465
0.035465
0.073850
0.116616
0.149577
0.165223
0.139981
0.062793
-0.013769
-0.074893
-0.076770
-0.034004
0.022530
0.095129
0.133931
0.156462
0.161468
0.142276
0.092208
0.000000
-0.082612
-0.121831
-0.085115
-0.009596
0.068009
0.133931
0.176697
0.206738
0.188588
0.154375
0.102013
0.013560
-0.034839
-0.040680
0.002086
0.058412
0.093877
0.133305
0.144362
0.145822
0.122249
0.063419
-0.011682
-0.092417
-0.122666
-0.109940
-0.056118
0.010848
0.064045
0.118076
0.132054
0.097841
0.039846
-0.053614
-0.149577
-0.198185
-0.183999
-0.119745
-0.058830
0.001878
0.050694
0.083655
0.098049
0.058412
-0.011891
-0.101596
-0.150829
-0.143945
-0.111192
-0.057578
-0.011891
0.028789
0.045895
0.060707
0.066966
0.018984
-0.060498
-0.140815
-0.173359
-0.150412
-0.102222
-0.039220
0.015646
0.033170
0.042975
0.055283
0.016272
-0.057995
-0.124961
-0.161260
-0.140190
-0.083446
-0.021905
0.032753
0.055283
0.070929
0.092625
0.080317
0.047773
-0.006884
-0.071138
-0.088870
-0.062167
-0.016481
0.032335
0.063836
0.084906
0.089287
0.078022
0.056743
0.006050
-0.046104
-0.088036
-0.094294
-0.062167
-0.038385
-0.022113
0.002295
0.033378
0.054449
0.061959
0.030875
-0.012934
-0.041097
-0.063628
-0.040889
0.008136
0.049650
0.074893
0.104516
0.151872
0.160217
0.134766
0.085115
0.015020
-0.029623
-0.040263
-0.015229
0.012308
0.033796
0.069052
0.098884
0.123918
0.109106
0.059247
-0.007719
-0.075936
-0.080943
-0.068009
-0.060707
-0.040680
-0.021279
0.022530
0.060707
0.086784
0.071555
0.004172
-0.052362
-0.094920
-0.090539
-0.068426
-0.049233
-0.010639
0.031918
0.097215
0.130176
0.127881
0.086158
0.005215
-0.034839
-0.057369
-0.045478
-0.020236
-0.016689
0.018358
0.069678
0.119745
0.141233
0.105351
0.030249
-0.039428
-0.067383
-0.057995
-0.040889
-0.036299
-0.027120
0.002086
0.043183
0.087201
0.097423
0.048607
-0.002295
-0.021696
-0.002295
0.029415
0.042349
0.036299
0.026077
0.058830
0.101804
0.119745
0.103890
0.052780
0.012308
-0.005215
0.009805
0.044435
0.052571
0.052362
0.071764
0.100970
0.116199
0.105977
0.055283
-0.031710
-0.066548
-0.050068
-0.022113
-0.006676
-0.010848
0.016898
0.034213
0.054240
0.074058
0.031292
-0.025868
-0.063836
-0.061750
-0.024825
0.001252
0.008136
0.006258
0.018358
0.051111
0.076145
0.059038
0.008345
-0.050276
-0.099301
-0.123500
-0.123292
-0.109106
-0.097215
-0.077188
-0.036925
0.002295
-0.003338
-0.045895
-0.087618
-0.106185
-0.098884
-0.074267
-0.042140
-0.045270
-0.059664
-0.041306
-0.015438
-0.001460
-0.016481
-0.063836
-0.123918
-0.130385
-0.071972
-0.031710
-0.004798
0.019401
0.038385
0.060707
0.059038
0.044435
-0.002295
-0.050694
-0.054240
-0.028789
0.008970
0.018984
0.034630
0.041306
0.054449
0.090748
0.091582
0.080108
0.032961
-0.002086
0.017524
0.040889
0.062585
0.058204
0.036925
0.043809
0.085741
0.127673
0.125378
0.092834
0.055492
0.042975
0.075519
0.108063
0.123709
0.130176
0.121414
0.120788
0.126421
0.122457
0.107646
0.069052
0.043809
0.060290
0.079274
0.083863
0.076562
0.065922
0.079482
0.100761
0.109732
0.089287
0.035882
-0.003964
-0.004590
0.006050
0.012100
0.016898
0.009805
0.012726
0.028580
0.045478
0.051319
0.022322
-0.013351
-0.037342
-0.043392
-0.027954
-0.021905
-0.024825
-0.021070
-0.005215
0.025451
0.041097
0.020653
-0.012517
-0.042975
-0.039846
-0.020862
-0.017106
-0.015020
-0.022530
-0.017524
-0.006676
-0.004381
-0.009179
-0.032335
-0.046104
-0.023156
0.020862
0.043601
0.015020
-0.036508
-0.084698
-0.102222
-0.075727
-0.047773
-0.023991
-0.026703
-0.025034
-0.002503
0.003129
0.008553
-0.015020
-0.037968
-0.034630
-0.011265
0.028580
0.045895
0.039220
0.032753
0.035465
0.028163
0.012308
-0.031710
-0.089705
-0.117450
-0.103890
-0.059247
-0.011265
0.030249
0.056952
0.089496
0.100344
0.088036
0.063628
0.007302
-0.027537
-0.035882
-0.010848
0.033378
0.071138
0.108271
0.135809
0.176280
0.212162
0.205069
0.152081
0.080317
0.026286
0.012726
0.037551
0.071138
0.088453
0.103265
0.134140
0.150620
0.120997
0.057578
-0.008345
-0.051528
-0.059038
-0.023991
0.029415
0.075102
0.096172
0.110983
0.142067
0.139146
0.109314
0.056118
-0.013769
-0.044852
-0.047564
-0.026911
-0.000834
0.008553
0.016898
0.039428
0.074476
0.076145
0.014603
-0.064462
-0.114530
-0.115782
-0.081151
-0.040680
-0.003755
0.016898
0.025451
0.033170
0.021905
-0.038385
-0.139772
-0.230937
-0.272869
-0.251173
-0.194430
-0.130385
-0.083655
-0.053197
-0.015020
-0.002921
-0.025242
-0.066757
-0.122040
-0.164180
-0.161468
-0.122040
-0.071138
-0.034630
-0.016689
0.009596
0.037134
0.048399
0.027954
-0.026286
-0.089079
-0.126630
-0.120371
-0.073224
-0.019818
0.031084
0.079274
0.119119
0.134557
0.098466
0.038385
-0.042975
-0.092834
-0.084906
-0.045478
0.021279
0.058204
0.075519
0.095129
0.108480
0.108897
0.083446
0.044435
0.002295
-0.012934
0.005424
0.038385
0.071138
0.097841
0.124335
0.143527
0.132888
0.089287
0.015229
-0.069886
-0.113695
-0.122666
-0.104725
-0.067591
-0.024825
0.015020
0.036925
0.060081
0.061959
0.026494
-0.025868
-0.063419
-0.065714
-0.047773
-0.036508
-0.027329
-0.010222
0.010431
0.043601
0.070303
0.078022
0.054449
0.013769
-0.008136
-0.001878
0.023782
0.042140
0.065714
0.094503
0.126838
0.140398
0.107437
0.046104
-0.025034
-0.065088
-0.062793
-0.054449
-0.035465
-0.011474
0.013560
0.068634
0.118911
0.145822
0.120162
0.039428
-0.020653
-0.051528
-0.055283
-0.046104
-0.033378
-0.011057
0.016063
0.066548
0.099927
0.097632
0.058412
-0.008553
-0.039220
-0.039846
-0.012934
0.006258
0.001252
0.021487
0.052154
0.102639
0.139772
0.121831
0.076770
0.021070
-0.006050
-0.011057
-0.021487
-0.021905
-0.017524
0.010014
0.065922
0.105142
0.100344
0.050485
-0.017524
-0.053823
-0.053614
-0.046104
-0.031084
-0.010014
0.027954
0.068426
0.096589
0.105351
0.053197
-0.021070
-0.080317
-0.108897
-0.104516
-0.097632
-0.083238
-0.063002
-0.003129
0.073850
0.124335
0.131428
0.076979
0.021696
-0.023156
-0.037759
-0.035047
-0.058621
-0.065505
-0.046938
0.006258
0.067591
0.086993
0.067591
0.027954
-0.001460
-0.003964
0.012100
0.018775
0.009179
0.012517
0.041097
0.094711
0.121206
0.092208
0.035465
-0.020862
-0.036090
-0.018775
0.018984
0.055700
0.080943
0.110983
0.140607
0.165015
0.155210
0.108897
0.047564
-0.002295
-0.017524
-0.018150
-0.023574
-0.030249
-0.022739
0.015020
0.069469
0.101178
0.095129
0.064671
0.032753
0.022322
0.027954
0.021279
0.002503
0.003546
0.020236
0.048816
0.063002
0.049442
0.020862
-0.014186
-0.014812
0.004172
0.025451
0.034839
0.027120
0.027120
0.042766
0.067174
0.074267
0.060707
0.029206
0.006467
0.004798
0.001878
-0.009596
-0.038385
-0.075519
-0.088662
-0.072807
-0.056535
-0.054866
-0.061542
-0.052154
-0.023991
0.020444
0.054449
0.048399
0.019610
-0.001878
0.008136
0.025034
0.015020
-0.013560
-0.040680
-0.061333
-0.054031
-0.033378
-0.032753
-0.030875
-0.016898
0.012934
0.060498
0.086993
0.071346
0.032335
0.000000
0.005007
0.023991
0.025034
-0.006258
-0.059873
-0.100761
-0.109940
-0.084698
-0.056952
-0.041723
-0.028580
-0.002712
0.035673
0.047147
0.034213
-0.005841
-0.040680
-0.041514
-0.024199
0.015855
0.015229
-0.002295
-0.006467
-0.001669
0.029415
0.028998
-0.001669
-0.040054
-0.059455
-0.048190
-0.025868
-0.002921
0.000834
0.010014
0.041723
0.085324
0.116199
0.103473
0.055700
0.003338
-0.030458
-0.031292
-0.007093
0.006050
0.010639
0.028580
0.059455
0.081151
0.071764
0.037968
-0.009596
-0.026703
-0.003338
0.035465
0.068009
0.078857
0.083863
0.085741
0.083655
0.053823
-0.013977
-0.096589
-0.168770
-0.174611
-0.141650
-0.095963
-0.045687
-0.020653
0.012100
0.041514
0.062167
0.038594
-0.024199
-0.066757
-0.109523
-0.127047
-0.116407
-0.090122
-0.058204
-0.040889
0.005841
0.047773
0.046938
0.016481
-0.046730
-0.098884
-0.111609
-0.077188
-0.016898
0.029623
0.079900
0.116825
0.121414
0.090539
0.008553
-0.076562
-0.148951
-0.167310
-0.134348
-0.083446
-0.005215
0.047356
0.093668
0.123709
0.139772
0.133722
0.060707
-0.013977
-0.063210
-0.062793
-0.030249
0.003755
0.056118
0.103890
0.145614
0.172108
0.154375
0.102013
0.038177
-0.020027
-0.045687
-0.034213
0.007927
0.065922
0.111818
0.156879
0.202983
0.195055
0.125586
0.027954
-0.078439
-0.134140
-0.128716
-0.083238
-0.019818
0.032753
0.072390
0.097841
0.111818
0.082194
0.006258
-0.088662
-0.147491
-0.130802
-0.071346
-0.002295
0.059247
0.114321
0.138729
0.128090
0.101178
0.019610
-0.078022
-0.133305
-0.140815
-0.090956
-0.031084
0.024617
0.074476
0.110983
0.149994
0.158130
0.109732
0.022948
-0.062793
-0.117868
-0.138938
-0.118702
-0.071555
-0.025660
0.021696
0.068426
0.100970
0.098049
0.048607
-0.029415
-0.095546
-0.121206
-0.110358
-0.066966
-0.016481
0.029206
0.082612
0.117033
0.133722
0.114321
0.052988
0.003129
-0.015855
0.010848
0.045895
0.068426
0.079482
0.075936
0.103473
0.124961
0.113695
0.068217
0.012100
-0.004798
-0.011891
0.009805
0.029206
0.027329
0.042975
0.069052
0.127255
0.159591
0.133931
0.081777
0.028372
0.009179
-0.003964
-0.010014
0.008136
0.031710
0.060916
0.097423
0.136226
0.141024
0.092208
0.040889
0.012100
0.008970
0.033378
0.053197
0.050485
0.045061
0.040054
0.032335
0.034839
0.010639
-0.051319
-0.093042
-0.101387
-0.076979
-0.045061
-0.042766
-0.033587
-0.018150
0.017941
0.055492
0.024825
-0.040889
-0.099092
-0.119537
-0.104099
-0.080526
-0.048607
-0.023365
0.010431
0.060290
0.106394
0.130593
0.102430
0.051111
0.005841
-0.010848
0.015855
0.051319
0.090539
0.118702
0.154584
0.193178
0.184416
0.135391
0.048190
-0.034004
-0.073641
-0.086784
-0.067174
-0.036090
-0.002712
0.045895
0.095963
0.127673
0.113695
0.051945
-0.026911
-0.077605
-0.077396
-0.065922
-0.050485
-0.041514
-0.040680
0.006258
0.069678
0.109523
0.099092
0.033170
-0.026703
-0.054240
-0.050068
-0.051945
-0.066131
-0.047356
-0.003964
0.051111
0.086784
0.074058
0.021487
-0.052780
-0.088453
-0.075727
-0.051945
-0.036090
-0.038594
-0.028163
0.011474
0.040889
0.042349
0.018775
-0.038802
-0.099092
-0.116407
-0.094711
-0.078439
-0.077814
-0.064879
-0.027537
0.026703
0.065714
0.063210
0.027329
-0.033378
-0.074058
-0.077188
-0.060290
-0.038594
-0.040889
-0.031710
0.013769
0.065088
0.074893
0.036925
-0.011682
-0.036090
-0.034839
-0.028580
-0.019818
-0.016272
-0.017315
-0.006884
0.030666
0.064254
0.048607
0.005633
-0.030249
-0.045687
-0.035047
-0.016481
0.007719
0.011474
0.008553
0.053197
0.100761
0.123500
0.102222
0.048399
0.016689
-0.002295
0.008970
-0.001252
-0.037134
-0.030249
-0.006050
0.034839
0.056118
0.046313
0.014603
-0.012934
-0.018775
-0.016689
0.006884
0.003546
-0.003755
-0.003546
-0.000209
0.028580
0.027120
0.014186
0.001043
-0.008970
0.013769
0.028998
0.030041
0.013560
0.009388
0.034630
0.055492
0.085532
0.078648
0.035256
0.014812
0.019610
0.054449
0.067174
0.047564
0.038385
0.026286
0.037759
0.043392
0.028580
0.004590
-0.033170
-0.029415
-0.004381
0.016898
0.022739
0.009596
0.010639
0.030875
0.056952
0.060707
0.037134
0.001252
-0.032753
-0.041097
-0.030041
-0.033796
-0.043183
-0.050902
-0.035256
0.002086
0.029206
0.055909
0.049650
0.030666
0.026286
0.034630
0.045895
0.013769
-0.038802
-0.062585
-0.039637
-0.017315
-0.023574
-0.034004
-0.044852
-0.038802
-0.016689
0.000209
-0.021905
-0.071138
-0.095546
-0.091374
-0.056535
-0.021279
-0.010431
-0.014603
-0.021696
-0.011474
0.006050
0.000000
-0.036925
-0.077814
-0.091582
-0.050276
0.018984
0.083863
0.105351
0.086158
0.095963
0.089079
0.059247
0.012726
-0.047773
-0.068843
-0.063002
-0.024825
0.031501
0.080734
0.101596
0.114738
0.138103
0.142484
0.109106
0.030041
-0.040263
-0.060707
-0.025660
0.038385
0.108689
0.162720
0.180244
0.195055
0.199436
0.160008
0.080526
-0.002921
-0.047773
-0.038385
0.012934
0.078857
0.125169
0.127255
0.116199
0.118076
0.117450
0.084698
0.005841
-0.070929
-0.100970
-0.068634
-0.000626
0.047147
0.071972
0.084072
0.087201
0.095129
0.065297
-0.010014
-0.083655
-0.126630
-0.107228
-0.031710
0.050694
0.095546
0.114947
0.112235
0.098466
0.076562
0.023782
-0.041514
-0.096589
-0.107437
-0.067383
-0.003964
0.048607
0.080317
0.099718
0.105351
0.084698
0.028163
-0.042975
-0.117033
-0.155001
-0.143110
-0.095963
-0.027537
0.003755
0.015855
0.027120
0.027537
0.020027
-0.023991
-0.075727
-0.118076
-0.112444
-0.051945
0.014186
0.081986
0.105142
0.114947
0.132471
0.110566
0.057995
-0.023574
-0.089705
-0.109106
-0.083863
-0.019818
0.040054
0.074058
0.095963
0.110775
0.099092
0.061124
0.014603
-0.043183
-0.097006
-0.109106
-0.089287
-0.050485
-0.021070
0.004798
0.053197
0.058621
0.041097
0.012726
-0.051945
-0.103265
-0.128507
-0.107020
-0.065088
-0.035047
0.024825
0.082820
0.115782
0.119537
0.076979
0.012308
-0.058830
-0.095337
-0.074893
-0.038594
0.010222
0.055283
0.075102
0.100761
0.118285
0.110983
0.073015
0.006258
-0.028998
-0.036090
-0.030249
0.002503
0.026494
0.053406
0.093042
0.132471
0.149577
0.109106
0.036299
-0.036299
-0.060290
-0.043392
-0.002921
0.046521
0.074893
0.127255
0.157505
0.153541
0.127881
0.057369
-0.016689
-0.089079
-0.107854
-0.082820
-0.057161
-0.025242
-0.012934
0.013560
0.042349
0.050902
0.046313
0.001669
-0.050068
-0.083446
-0.090956
-0.084698
-0.084072
-0.068217
-0.048607
-0.005841
0.023782
0.003546
-0.039846
-0.104308
-0.119328
-0.095337
-0.044852
0.008970
0.020027
0.051945
0.091999
0.133305
0.135391
0.080317
0.025034
-0.038802
-0.061333
-0.034422
-0.002921
0.014603
0.008762
0.036716
0.078022
0.098258
0.086158
0.028163
-0.017732
-0.040054
-0.031710
-0.005841
0.000000
-0.009805
-0.001669
0.034422
0.064671
0.089496
0.066340
0.004798
-0.039428
-0.050902
-0.032544
-0.022113
-0.013977
0.006050
0.052780
0.117450
0.162094
0.157922
0.093460
0.018775
-0.017524
-0.019193
-0.009596
-0.012100
-0.012934
0.006884
0.049233
0.103056
0.106602
0.057995
-0.009179
-0.062585
-0.060290
-0.037759
-0.013560
-0.010222
-0.016063
0.012517
0.052362
0.077188
0.054866
0.004381
-0.042975
-0.071972
-0.058412
-0.041723
-0.039846
-0.041723
-0.031918
0.020653
0.071764
0.080734
0.037342
-0.041514
-0.091791
-0.103682
-0.084072
-0.061750
-0.054240
-0.027329
0.007302
0.048190
0.064462
0.033587
-0.022530
-0.071764
-0.078648
-0.080317
-0.055909
-0.021070
0.002921
0.050485
0.083238
0.129342
0.144362
0.100553
0.051111
0.007302
0.028163
0.060290
0.061542
0.047982
0.035047
0.072807
0.122040
0.155836
0.136017
0.096172
0.074684
0.059664
0.076770
0.073433
0.062585
0.046104
0.024199
0.036508
0.037551
0.029623
-0.005841
-0.044644
-0.044018
-0.038385
-0.017524
-0.004172
-0.000626
0.002295
0.000000
0.015855
0.010639
-0.019818
-0.049233
-0.064045
-0.044018
-0.011891
0.011891
0.009388
-0.000626
-0.002921
-0.008136
-0.007093
-0.028998
-0.042975
-0.047982
-0.041514
0.003338
0.022113
0.019401
-0.013143
-0.041514
-0.030666
-0.024617
-0.007510
-0.028789
-0.070929
-0.066548
-0.039428
-0.006676
0.004590
-0.006467
-0.022530
-0.024408
-0.006258
0.011891
0.021070
0.014394
0.028372
0.063628
0.099510
0.136643
0.108271
0.050694
0.012934
-0.014603
-0.004381
-0.006467
0.013560
0.048399
0.064671
0.121206
0.134557
0.107228
0.079691
0.041723
0.037759
0.052780
0.072598
0.065714
0.035465
0.029832
0.046938
0.079482
0.074267
0.040263
-0.006050
-0.056952
-0.042975
-0.007510
0.031501
0.062167
0.078022
0.119745
0.139981
0.134766
0.080108
-0.006050
-0.059664
-0.092208
-0.071346
-0.050068
-0.047147
-0.035256
-0.015855
0.031710
0.043601
0.032335
-0.028789
-0.115573
-0.146657
-0.161051
-0.126212
-0.076770
-0.046938
-0.015646
0.016481
0.060290
0.052988
-0.011682
-0.083863
-0.134557
-0.125795
-0.083446
-0.005633
0.064045
0.091582
0.126421
0.133305
0.132471
0.099718
0.020027
-0.047147
-0.084489
-0.056535
-0.009805
0.041723
0.096172
0.123918
0.155210
0.158130
0.136226
0.091582
0.010848
-0.042975
-0.066340
-0.035465
0.031292
0.095546
0.154167
0.183790
0.211536
0.190883
0.123083
0.036299
-0.051528
-0.079691
-0.062585
0.002503
0.080943
0.137895
0.177949
0.186919
0.182121
0.122874
0.025034
-0.058830
-0.123083
-0.124752
-0.083446
-0.026494
0.027329
0.064254
0.089079
0.083655
0.057995
-0.003129
-0.090122
-0.144779
-0.162511
-0.141233
-0.094711
-0.051528
-0.005633
0.023991
0.047564
0.055074
0.002086
-0.071138
-0.135600
-0.173151
-0.161886
-0.130593
-0.083029
-0.030041
0.022948
0.076145
0.097423
0.077396
0.014603
-0.069886
-0.127673
-0.139981
-0.109523
-0.068217
-0.033796
-0.008136
0.016689
0.036716
0.022530
-0.016898
-0.085324
-0.147491
-0.153332
-0.102847
-0.041723
-0.000209
0.031710
0.053823
0.075727
0.083863
0.072807
0.029415
-0.036716
-0.071972
-0.074684
-0.041306
0.002503
0.044018
0.077814
0.097632
0.129133
0.138521
0.106394
0.040680
-0.018358
-0.046938
-0.049025
-0.018984
0.017941
0.047982
0.075727
0.106811
0.126630
0.110566
0.057369
0.003546
-0.025451
-0.022113
0.005215
0.033378
0.062167
0.081777
0.106811
0.120997
0.109940
0.063836
-0.027746
-0.078022
-0.083655
-0.063419
-0.039220
-0.031292
0.006258
0.046313
0.076770
0.097632
0.074684
0.019401
-0.045061
-0.081777
-0.076979
-0.065088
-0.048190
-0.041514
-0.017106
0.025242
0.046104
0.044018
0.009805
-0.024825
-0.057578
-0.063419
-0.039428
-0.022948
-0.002712
0.017106
0.063002
0.103056
0.106394
0.084072
0.027954
-0.001669
0.001252
0.016063
0.026494
0.011474
0.007719
0.025034
0.064045
0.110358
0.108480
0.071972
0.026077
-0.010222
-0.005215
-0.014186
-0.036925
-0.055909
-0.060707
-0.027537
0.016898
0.055492
0.044852
0.004590
-0.038802
-0.068217
-0.052362
-0.041723
-0.030666
-0.004590
0.027746
0.085532
0.130176
0.132471
0.092417
0.033170
0.003546
-0.005841
-0.002921
-0.003755
-0.012308
0.006676
0.044852
0.090330
0.104934
0.077605
0.042349
0.015855
0.024199
0.038802
0.045270
0.040471
0.024617
0.049233
0.091791
0.112026
0.085741
0.031710
-0.006884
-0.035047
-0.036925
-0.032544
-0.036090
-0.027329
-0.002295
0.056952
0.108689
0.120580
0.087201
0.018567
-0.013560
-0.013977
-0.017524
-0.021696
-0.026286
-0.023365
-0.002503
0.031710
0.038385
0.013769
-0.029832
-0.068843
-0.056535
-0.032335
-0.029832
-0.052988
-0.074476
-0.052988
-0.026703
0.012100
0.037551
0.012934
-0.026911
-0.062167
-0.046730
-0.031710
-0.049442
-0.049233
-0.047773
-0.006676
0.059247
0.088662
0.070929
0.001878
-0.051319
-0.069469
-0.068009
-0.052154
-0.037134
-0.024408
-0.012934
0.031710
0.066340
0.063002
0.039846
-0.011682
-0.033378
-0.037551
-0.021487
-0.008136
-0.024825
0.003546
0.042140
0.091165
0.108689
0.071764
0.034630
-0.005007
0.013977
0.047147
0.042140
0.025868
0.016689
0.054657
0.105977
0.148117
0.160425
0.122666
0.104725
0.084489
0.075519
0.085532
0.086367
0.108063
0.122874
0.161260
0.191300
0.173777
0.134140
0.072181
0.026494
0.013560
0.030249
0.044018
0.041514
0.051945
0.074267
0.103890
0.118911
0.086367
0.043392
0.006050
-0.016063
-0.003546
-0.006050
-0.036925
-0.079691
-0.093877
-0.065088
-0.032753
-0.015229
-0.015646
-0.016898
-0.013351
-0.003129
0.002295
-0.034839
-0.098258
-0.134348
-0.119537
-0.074893
-0.049650
-0.046730
-0.050694
-0.047356
-0.036508
-0.027746
-0.037759
-0.090539
-0.129550
-0.131636
-0.108689
-0.065714
-0.046938
-0.044018
-0.049233
-0.051737
-0.021905
-0.001669
-0.014186
-0.049442
-0.080108
-0.077396
-0.050902
-0.016272
0.000000
-0.000834
-0.003964
0.010431
0.032544
0.012100
-0.046313
-0.103473
-0.118911
-0.086158
-0.041723
-0.011474
-0.005841
0.020653
0.068843
0.094920
0.092834
0.029832
-0.040263
-0.074267
-0.076979
-0.026077
0.031710
0.076353
0.112444
0.153750
0.189840
0.193178
0.160842
0.075727
-0.000209
-0.030875
-0.000626
0.078439
0.135391
0.174402
0.205486
0.212370
0.205695
0.163554
0.074058
-0.012308
-0.059247
-0.042766
0.006676
0.075310
0.142484
0.170439
0.185668
0.177532
0.131845
0.027954
-0.097423
-0.175446
-0.188797
-0.135809
-0.055700
0.024825
0.093042
0.123292
0.125586
0.102430
0.042558
-0.036925
-0.123500
-0.158130
-0.127673
-0.081151
-0.030041
0.000417
0.036925
0.066966
0.058830
0.022113
-0.064254
-0.150620
-0.208198
-0.206738
-0.145822
-0.082194
-0.012726
0.038177
0.071764
0.091582
0.066757
0.000626
-0.096589
-0.170439
-0.180870
-0.135391
-0.051945
0.025868
0.093251
0.142693
0.168978
0.174611
0.128090
0.039428
-0.061124
-0.122040
-0.106394
-0.045478
0.033587
0.099301
0.134766
0.151872
0.143110
0.117659
0.049650
-0.041097
-0.098258
-0.117033
-0.087827
-0.042975
0.011265
0.066131
0.103473
0.143319
0.168978
0.152915
0.072807
-0.026494
-0.080734
-0.084906
-0.050068
-0.009179
0.043601
0.088036
0.118494
0.155210
0.142067
0.088453
0.014186
-0.045478
-0.047773
-0.027746
-0.002086
0.015229
0.023574
0.047147
0.076353
0.082403
0.059873
0.014394
-0.051528
-0.095963
-0.103056
-0.091999
-0.062793
-0.030041
0.012517
0.060290
0.080943
0.058621
0.014394
-0.033587
-0.075519
-0.083863
-0.052362
0.003755
0.044435
0.063836
0.088244
0.114113
0.128090
0.107437
0.057786
0.019818
0.005424
0.022322
0.039428
0.036925
0.044435
0.069678
0.105768
0.126212
0.118494
0.078231
0.015020
-0.029206
-0.034004
-0.009596
0.025451
0.059038
0.100970
0.141650
0.165432
0.158965
0.106394
0.032753
-0.024408
-0.041097
-0.030875
-0.008762
0.013351
0.026286
0.059038
0.101596
0.128924
0.114113
0.061333
0.017315
-0.008553
0.006676
0.027954
0.028372
0.027746
0.020236
0.042349
0.055909
0.035882
0.003755
-0.067174
-0.136852
-0.157922
-0.143736
-0.110358
-0.081986
-0.046730
0.002295
0.040054
0.067174
0.045478
-0.015855
-0.069886
-0.094711
-0.086993
-0.088662
-0.081986
-0.065714
-0.029623
0.021279
0.051319
0.056535
0.010014
-0.036090
-0.056535
-0.042558
-0.000417
0.008970
0.003546
-0.007093
-0.004172
0.024199
0.037551
0.028163
-0.014394
-0.059247
-0.071138
-0.060290
-0.039011
-0.035465
-0.019818
0.007093
0.044435
0.086158
0.070512
0.023365
-0.043809
-0.075310
-0.052988
-0.029206
-0.005841
-0.005007
0.009179
0.038594
0.065714
0.076145
0.038385
-0.012517
-0.062793
-0.088453
-0.077188
-0.052571
-0.015229
0.028580
0.079065
0.131010
0.151872
0.126838
0.065297
-0.007719
-0.050276
-0.064045
-0.061542
-0.059455
-0.044852
-0.010431
0.045478
0.126421
0.156879
0.129759
0.066548
-0.002503
-0.027329
-0.035047
-0.036299
-0.033587
-0.020444
0.015855
0.054866
0.076770
0.061542
0.017941
-0.031084
-0.056535
-0.047773
-0.033378
-0.018775
-0.002712
0.017941
0.054657
0.065297
0.040680
-0.001252
-0.064879
-0.097632
-0.091791
-0.067800
-0.048190
-0.049025
-0.030458
0.017315
0.063419
0.083238
0.066340
0.019610
-0.016063
-0.026703
-0.010848
-0.001669
-0.007927
0.006050
0.017315
0.033170
0.048607
0.052154
0.029623
-0.007719
-0.009805
0.008136
0.026494
0.025660
0.011474
0.006050
0.010848
0.036090
0.044852
0.014186
-0.025868
-0.056743
-0.058204
-0.046521
-0.037759
-0.032544
-0.042558
-0.025034
0.004381
0.000834
-0.034630
-0.079900
-0.097632
-0.088453
-0.043809
0.006050
0.016481
-0.003129
-0.024199
-0.013560
0.015438
0.038177
0.048399
0.040680
0.042766
0.061542
0.076353
0.064045
0.028163
0.004590
-0.004381
0.029415
0.091582
0.131636
0.150412
0.161677
0.176697
0.190049
0.188380
0.158965
0.103056
0.060498
0.062585
0.083655
0.093668
0.086784
0.084698
0.102222
0.126212
0.144779
0.136017
0.089287
0.029415
0.003546
-0.001252
-0.010014
-0.015646
-0.033796
-0.036090
-0.004798
0.027746
0.031918
-0.011265
-0.087618
-0.144153
-0.153750
-0.123500
-0.064254
-0.014394
0.041514
0.086575
0.089287
0.060707
-0.015855
-0.114947
-0.196724
-0.210910
-0.155210
-0.061750
0.031084
0.084698
0.110358
0.110566
0.095546
0.063210
0.002503
-0.053823
-0.074267
-0.047564
0.004798
0.048816
0.078439
0.094294
0.108897
0.109732
0.069678
0.014186
-0.054449
-0.096172
-0.083029
-0.026494
0.061750
0.124126
0.162720
0.189423
0.214039
0.202566
0.130385
0.030875
-0.058830
-0.087201
-0.066548
0.002921
0.089496
0.158965
0.207572
0.223010
0.210284
0.158965
0.084489
-0.005841
-0.060081
-0.028163
0.038802
0.102222
0.148534
0.171482
0.177740
0.163972
0.119119
0.045687
-0.050276
-0.127673
-0.147491
-0.118076
-0.057578
0.002295
0.055700
0.087410
0.104725
0.095337
0.037759
-0.051945
-0.150203
-0.206529
-0.218420
-0.180035
-0.117868
-0.061124
-0.004172
0.031710
0.050068
0.019401
-0.070303
-0.168353
-0.226765
-0.221758
-0.171899
-0.103682
-0.051945
-0.016481
0.010222
0.008345
-0.009805
-0.056326
-0.127255
-0.188588
-0.213205
-0.165849
-0.097215
-0.043183
-0.000417
0.035047
0.074684
0.085532
0.072807
0.025242
-0.024617
-0.035047
-0.016063
0.026286
0.061959
0.099301
0.124335
0.146031
0.179201
0.179409
0.137060
0.063419
0.006884
0.007510
0.030249
0.061124
0.080108
0.090956
0.129759
0.155001
0.162720
0.123500
0.024408
-0.061542
-0.122666
-0.123292
-0.085950
-0.053406
-0.015855
0.032961
0.102847
0.145822
0.162094
0.135183
0.063836
0.002295
-0.041097
-0.035673
-0.028998
-0.042349
-0.031084
-0.006258
0.028580
0.037968
0.010639
-0.047147
-0.124961
-0.162511
-0.166475
-0.149577
-0.113695
-0.086367
-0.043809
0.011474
0.048190
0.035465
-0.021279
-0.100553
-0.153750
-0.149786
-0.133097
-0.123500
-0.132679
-0.129550
-0.083238
-0.028789
0.010639
0.021070
0.010639
0.010848
0.023574
0.060290
0.099301
0.103890
0.095546
0.091374
0.096589
0.097423
0.079065
0.036090
-0.013769
-0.033378
-0.008970
0.034004
0.059664
0.078857
0.097006
0.121414
0.160425
0.177532
0.153541
0.095129
0.026077
-0.004590
-0.002086
0.003129
0.003338
0.010639
0.046730
0.089496
0.132471
0.145196
0.111192
0.073641
0.051945
0.067591
0.089287
0.089079
0.074893
0.063419
0.061542
0.050694
0.030875
-0.008970
-0.051528
-0.066966
-0.061333
-0.033170
-0.008136
-0.008136
-0.003546
0.006884
0.024825
0.022948
-0.021279
-0.084281
-0.152081
-0.178575
-0.170647
-0.151455
-0.120371
-0.096172
-0.065088
-0.027746
0.007719
0.008136
-0.036508
-0.090539
-0.130593
-0.123083
-0.090122
-0.052362
-0.003964
0.051528
0.110358
0.146239
0.158130
0.123500
0.035465
-0.030666
-0.042558
-0.017106
0.009805
0.019193
0.051737
0.102430
0.145196
0.168978
0.147074
0.096589
0.036299
0.012934
0.043183
0.082194
0.100970
0.093042
0.098466
0.091165
0.090122
0.095546
0.059873
0.016481
-0.034422
-0.033796
0.010014
0.043809
0.067591
0.063628
0.085324
0.121414
0.135600
0.104516
0.013351
-0.050694
-0.070303
-0.047147
-0.005007
0.000000
-0.002921
-0.002086
0.022322
0.050276
0.052154
0.031918
-0.024199
-0.056118
-0.037968
-0.005215
0.027329
0.045895
0.043809
0.038385
0.054657
0.075519
0.063628
0.026703
0.005215
0.005215
0.023574
0.059247
0.079274
0.055492
0.030875
0.033796
0.054657
0.057369
0.010014
-0.015020
-0.028789
-0.023991
0.013351
0.034004
0.038594
0.006050
-0.003964
0.012517
0.012100
-0.006884
-0.050694
-0.074267
-0.061750
-0.024408
0.012100
0.021696
0.011891
0.009179
0.025451
0.044852
0.046313
0.037551
0.027746
0.036299
0.064879
0.070721
0.077396
0.071138
0.043601
0.027120
0.040471
0.075519
0.066131
0.031292
0.016898
0.027120
0.041097
0.033587
0.003129
-0.034839
-0.062585
-0.064254
-0.049233
-0.048816
-0.061333
-0.066548
-0.046521
-0.017941
0.008970
-0.006050
-0.061750
-0.104725
-0.114113
-0.084489
-0.059038
-0.037968
-0.023782
-0.016689
0.003129
0.017732
0.012726
-0.043392
-0.096798
-0.103056
-0.077396
-0.033796
-0.002921
0.031501
0.049859
0.057578
0.064045
0.046521
0.013977
-0.039428
-0.072390
-0.054240
-0.000417
0.065088
0.102222
0.121206
0.149160
0.181495
0.196724
0.165223
0.089496
-0.000626
-0.046938
-0.016689
0.035047
0.089079
0.137478
0.168144
0.201105
0.192343
0.139772
0.054657
-0.048399
-0.108063
-0.114530
-0.065714
0.000209
0.042349
0.071555
0.102430
0.117868
0.085532
0.014394
-0.083655
-0.176071
-0.216543
-0.197142
-0.137060
-0.070303
-0.017941
0.018150
0.043183
0.052780
0.023991
-0.036299
-0.096172
-0.140190
-0.126838
-0.067383
-0.021279
0.022530
0.050902
0.076353
0.094503
0.069678
0.006884
-0.086575
-0.151455
-0.162511
-0.130385
-0.086993
-0.037759
0.023365
0.064462
0.100553
0.103473
0.047564
-0.041097
-0.132262
-0.178366
-0.172316
-0.122457
-0.066757
-0.012934
0.037968
0.070303
0.107020
0.107228
0.061542
-0.010431
-0.057995
-0.039220
-0.000209
0.036090
0.063628
0.083446
0.099927
0.117242
0.111401
0.066757
-0.011474
-0.073433
-0.078022
-0.049442
0.004381
0.062793
0.102639
0.104516
0.099927
0.096380
0.055909
-0.024199
-0.096172
-0.121623
-0.128507
-0.087618
-0.023991
0.025660
0.061542
0.079065
0.101804
0.087618
0.050902
0.021696
-0.006884
-0.007510
0.012308
0.046104
0.075727
0.088453
0.102847
0.118285
0.115156
0.083238
0.018358
-0.065922
-0.104516
-0.093668
-0.068843
-0.036508
-0.006884
0.040680
0.089496
0.109523
0.115782
0.089705
0.025034
-0.029623
-0.047564
-0.046938
-0.045478
-0.036508
-0.008553
0.032961
0.075102
0.096589
0.065714
0.015646
-0.001252
0.015855
0.057578
0.097841
0.125586
0.138103
0.135600
0.136017
0.136434
0.114321
0.055909
-0.012308
-0.049233
-0.048607
-0.025034
0.006884
0.027954
0.051945
0.094711
0.128716
0.143736
0.118702
0.050485
-0.013769
-0.055074
-0.071972
-0.077605
-0.079482
-0.061959
-0.023365
0.033170
0.085950
0.090956
0.050485
-0.004172
-0.027329
-0.007302
0.008136
0.014603
0.019610
0.026286
0.063628
0.114321
0.130176
0.076562
-0.011474
-0.076353
-0.094503
-0.078857
-0.076562
-0.065505
-0.044644
-0.010431
0.051945
0.082403
0.070929
0.012726
-0.059664
-0.084072
-0.063419
-0.029832
-0.010431
0.000626
0.021905
0.066966
0.103473
0.096798
0.051319
-0.013351
-0.050485
-0.045895
-0.020236
0.012308
0.020653
0.025451
0.062167
0.107646
0.144779
0.119537
0.041306
-0.020027
-0.054657
-0.053614
-0.045687
-0.036716
-0.026494
-0.014603
0.028998
0.065714
0.064879
0.021279
-0.040054
-0.073433
-0.063002
-0.024825
0.003755
0.023991
0.036508
0.066131
0.102013
0.100344
0.065922
-0.019193
-0.099927
-0.113695
-0.076145
-0.015020
0.027120
0.054657
0.092834
0.120997
0.121414
0.084906
0.013351
-0.054031
-0.088244
-0.087201
-0.068009
-0.055909
-0.052362
-0.023574
0.027120
0.061959
0.075519
0.059664
0.014186
-0.038177
-0.070095
-0.074267
-0.068843
-0.067800
-0.056535
-0.016481
0.054449
0.109106
0.100344
0.033587
-0.038594
-0.067174
-0.053406
-0.031292
-0.027954
-0.007927
0.018984
0.058412
0.094086
0.081777
0.057369
0.005007
-0.037134
-0.044644
-0.030041
-0.005424
-0.004590
0.003129
0.029415
0.078648
0.114738
0.110149
0.089079
0.044435
0.011057
0.026494
0.044018
0.031710
0.012517
0.016481
0.052780
0.094503
0.103682
0.068009
0.024617
-0.006676
-0.005424
0.017315
0.017524
0.021905
0.029623
0.044644
0.079691
0.102639
0.076979
0.014603
-0.040471
-0.078857
-0.076770
-0.059247
-0.075936
-0.089496
-0.074893
-0.023782
0.031084
0.052780
0.047147
0.029832
0.028372
0.024199
0.012308
-0.012308
-0.044435
-0.066757
-0.058830
-0.013560
0.028163
0.040680
0.031084
0.033170
0.051319
0.069469
0.060081
0.034839
0.011265
0.004798
0.029415
0.048816
0.049859
0.040889
0.015855
-0.001669
0.002712
-0.013143
-0.051528
-0.101178
-0.118076
-0.080317
-0.027746
0.040054
0.083238
0.084489
0.089496
0.097006
0.102013
0.075727
-0.010639
-0.077814
-0.106602
-0.091582
-0.044852
-0.020653
0.010639
0.031292
0.049442
0.057161
0.023782
-0.033378
-0.112861
-0.148117
-0.134766
-0.095963
-0.034004
-0.008345
0.023365
0.055492
0.066131
0.082194
0.033170
-0.047564
-0.118076
-0.145405
-0.099301
-0.050902
-0.001252
0.049859
0.104308
0.155210
0.168561
0.146657
0.065714
-0.031710
-0.089496
-0.095963
-0.042975
0.018984
0.074684
0.115990
0.149369
0.179201
0.150829
0.068634
-0.033170
-0.104308
-0.120580
-0.083446
-0.015020
0.052362
0.105142
0.130176
0.154167
0.151038
0.095754
-0.000626
-0.105142
-0.148743
-0.125795
-0.054449
0.031710
0.093251
0.143110
0.175863
0.176697
0.152706
0.097632
0.022739
-0.035047
-0.038385
-0.001460
0.037968
0.091791
0.127673
0.156670
0.180244
0.162720
0.123292
0.022530
-0.074267
-0.125586
-0.122666
-0.055283
-0.010014
0.035673
0.055492
0.051528
0.050485
0.008136
-0.045895
-0.121831
-0.171899
-0.164806
-0.124126
-0.057369
-0.020862
0.011474
0.045061
0.061959
0.047773
-0.019401
-0.093668
-0.158339
-0.180661
-0.156462
-0.116199
-0.052780
0.004798
0.054031
0.096172
0.096172
0.061959
-0.013560
-0.096172
-0.142067
-0.151455
-0.115990
-0.064254
-0.004798
0.043183
0.081360
0.114321
0.105768
0.055492
-0.009179
-0.061124
-0.081777
-0.063419
-0.020236
0.018984
0.049442
0.090748
0.121831
0.126421
0.099092
0.031918
-0.039220
-0.079482
-0.063628
-0.014394
0.025034
0.068217
0.115573
0.150620
0.160634
0.129133
0.059873
-0.027329
-0.093251
-0.103682
-0.071555
-0.036508
0.005633
0.059247
0.109106
0.147491
0.152915
0.134348
0.080108
0.014186
-0.017315
-0.028580
-0.003755
0.036508
0.053823
0.092208
0.149994
0.185459
0.179618
0.122040
0.048607
-0.018775
-0.048190
-0.031918
-0.003755
0.025034
0.035465
0.053406
0.077814
0.075936
0.045895
-0.017524
-0.064879
-0.068217
-0.058621
-0.040263
-0.038802
-0.023365
0.011265
0.036925
0.056118
0.030458
-0.008553
-0.045895
-0.059873
-0.033796
-0.019193
0.002086
0.021070
0.052154
0.095963
0.112444
0.121206
0.087618
0.029623
-0.006050
-0.025034
-0.023574
-0.021070
-0.024825
-0.017315
0.016063
0.063419
0.097632
0.078857
0.015646
-0.039428
-0.059873
-0.043183
-0.017315
-0.001669
0.006467
0.027120
0.061124
0.078648
0.059038
0.007093
-0.035465
-0.045895
-0.020236
0.025034
0.037551
0.031084
0.032544
0.047564
0.078439
0.081777
0.055700
0.009179
-0.034213
-0.038802
-0.016272
-0.000834
-0.006676
-0.001043
0.025660
0.042558
0.055909
0.055283
-0.007719
-0.083446
-0.113278
-0.099301
-0.061333
-0.052988
-0.048190
-0.023365
-0.009179
0.021696
0.032544
-0.007093
-0.052362
-0.083238
-0.078439
-0.051737
-0.035673
-0.040680
-0.045687
-0.025034
0.022948
0.047773
0.026077
-0.002295
-0.050276
-0.077396
-0.061542
-0.052780
-0.050276
-0.058204
-0.045687
-0.005841
0.018984
0.006884
-0.035673
-0.059664
-0.071972
-0.070929
-0.046938
-0.035673
-0.030875
-0.019818
0.008970
0.047564
0.063419
0.046313
0.006676
-0.040680
-0.055283
-0.023991
0.003964
0.012726
0.023574
0.042558
0.068634
0.088662
0.089287
0.066548
0.020862
-0.008345
-0.008136
0.012726
0.024199
0.023782
0.039011
0.058412
0.095546
0.115990
0.096798
0.051528
0.025868
0.052571
0.079065
0.081986
0.063419
0.041723
0.054657
0.091791
0.116199
0.106185
0.049233
0.008345
0.010848
0.035047
0.076353
0.090539
0.084489
0.063002
0.045270
0.041306
0.034839
0.021696
-0.019818
-0.034839
-0.013977
0.014186
0.032335
0.012308
-0.000209
0.006258
0.026077
0.056118
0.048190
0.015646
-0.006050
-0.008970
0.011265
0.017524
0.007093
-0.019818
-0.040263
-0.015646
0.015020
0.035465
0.013560
-0.023782
-0.023156
0.001252
0.039220
0.045895
0.030666
-0.002086
-0.022739
-0.002712
0.006050
0.005215
-0.014186
-0.026077
-0.003129
0.027329
0.051528
0.034213
-0.012308
-0.053823
-0.074684
-0.059038
-0.040471
-0.034630
-0.030666
-0.016898
0.014186
0.030041
0.006258
-0.050694
-0.099092
-0.116199
-0.098258
-0.048607
-0.017315
0.001252
0.025660
0.042975
0.063628
0.055909
0.019610
-0.023574
-0.063419
-0.054240
-0.025660
-0.000626
0.005841
-0.006050
0.003129
0.019818
0.041514
0.022948
-0.024825
-0.065297
-0.078857
-0.048190
-0.021487
0.005215
0.014603
0.022948
0.053197
0.080108
0.089079
0.051528
0.005841
-0.007719
0.019610
0.067383
0.112026
0.147282
0.161886
0.180035
0.188588
0.170647
0.123918
0.053197
0.006884
0.008345
0.053614
0.109732
0.140607
0.160425
0.175028
0.166058
0.137895
0.097841
0.044018
-0.020027
-0.050068
-0.014186
0.040889
0.078439
0.097423
0.108063
0.114113
0.114738
0.096172
0.044852
-0.017315
-0.070721
-0.086367
-0.061542
-0.023991
0.015020
0.046730
0.084489
0.124126
0.123500
0.070095
-0.010639
-0.080317
-0.112444
-0.116616
-0.091165
-0.058204
-0.038594
-0.018984
0.002295
0.019818
-0.012308
-0.084489
-0.150829
-0.186919
-0.168561
-0.126838
-0.079482
-0.040889
-0.020236
0.003546
0.012517
-0.008553
-0.054449
-0.115573
-0.156044
-0.148534
-0.103682
-0.049233
-0.001252
0.037134
0.070721
0.100553
0.104725
0.070512
0.003755
-0.073433
-0.122666
-0.120580
-0.076353
-0.015855
0.051319
0.117868
0.175237
0.188588
0.147282
0.083029
-0.006884
-0.081569
-0.087201
-0.036716
0.025660
0.067174
0.102222
0.129967
0.147700
0.152706
0.119537
0.071138
0.013560
-0.021279
-0.011474
0.008553
0.037134
0.053197
0.068009
0.088036
0.082403
0.040889
-0.042766
-0.118285
-0.138729
-0.117659
-0.076979
-0.036925
0.006676
0.031084
0.040471
0.038594
-0.003964
-0.060498
-0.118285
-0.140607
-0.122457
-0.091582
-0.064879
-0.052988
-0.024825
0.007510
0.046104
0.090122
0.097632
0.055700
-0.017315
-0.063210
-0.059873
-0.038594
-0.013769
0.012100
0.050068
0.098466
0.138312
0.149786
0.105142
0.028163
-0.025451
-0.044226
-0.044018
-0.042766
-0.040263
-0.028580
0.005007
0.058204
0.093668
0.089079
0.041514
-0.003964
-0.016898
-0.012308
0.013977
0.022113
0.022948
0.042140
0.069886
0.100553
0.090122
0.037551
-0.028998
-0.062793
-0.056743
-0.022948
0.016898
0.038385
0.061124
0.083029
0.115573
0.139355
0.114738
0.054866
-0.012308
-0.063628
-0.085532
-0.093042
-0.090748
-0.087410
-0.069678
-0.016481
0.039428
0.067383
0.031501
-0.024825
-0.061124
-0.078022
-0.063210
-0.053614
-0.044435
-0.022530
0.017524
0.063836
0.077188
0.042140
-0.017106
-0.069678
-0.099092
-0.103473
-0.108271
-0.110358
-0.088453
-0.027954
0.046938
0.105559
0.121623
0.087827
0.033170
-0.023782
-0.049650
-0.051319
-0.055074
-0.050068
-0.031084
0.002295
0.034422
0.046313
0.036508
-0.003338
-0.037551
-0.039220
-0.023782
-0.014394
-0.009805
0.011891
0.062585
0.137269
0.171065
0.145822
0.078857
0.009805
-0.020027
-0.020653
-0.000626
0.008345
0.024408
0.066340
0.121623
0.166475
0.162094
0.120580
0.061750
0.007510
-0.007719
0.004381
0.004381
0.010014
0.042349
0.086158
0.135391
0.151038
0.112026
0.038802
-0.031292
-0.046938
-0.027954
-0.011682
0.001252
0.023365
0.055909
0.090748
0.117659
0.098884
0.031918
-0.028580
-0.046938
-0.030041
0.008970
0.030041
0.015855
-0.006258
0.004798
0.035465
0.041932
0.025451
-0.007927
-0.023365
-0.023991
0.000417
0.032335
0.026494
0.010639
0.014603
0.050068
0.082820
0.087618
0.056326
0.002503
-0.033796
-0.045478
-0.041097
-0.042140
-0.049025
-0.032544
0.015646
0.079065
0.118911
0.124961
0.110358
0.075102
0.049233
0.032544
0.003964
-0.030458
-0.055283
-0.041097
-0.001878
0.038594
0.049859
0.039220
0.041723
0.057578
0.090748
0.098049
0.063628
0.008345
-0.030041
-0.033378
-0.025242
-0.015646
-0.027329
-0.038385
-0.039220
-0.030875
-0.023574
-0.035673
-0.048607
-0.060290
-0.042140
0.005841
0.059038
0.084698
0.059455
0.036508
0.030041
0.024199
-0.001043
-0.058204
-0.101387
-0.112861
-0.082612
-0.011474
0.047982
0.070303
0.076353
0.079482
0.085950
0.090956
0.062167
0.009596
-0.034630
-0.047356
-0.021905
0.016898
0.042140
0.037759
0.036508
0.052154
0.078857
0.101178
0.068217
0.008762
-0.029415
-0.038594
-0.007093
0.026494
0.052988
0.074684
0.075727
0.091791
0.089705
0.042558
-0.012726
-0.068426
-0.079482
-0.059038
-0.023365
0.015855
0.006050
0.010848
0.015646
0.000209
-0.017106
-0.066757
-0.093877
-0.122040
-0.125169
-0.084489
-0.052362
-0.008345
0.003755
0.023365
0.036716
0.012100
-0.026703
-0.117242
-0.172942
-0.183373
-0.146031
-0.050902
0.021279
0.090330
0.131845
0.137060
0.122666
0.054031
-0.028789
-0.104308
-0.149160
-0.147908
-0.128090
-0.072181
-0.017524
0.034004
0.091791
0.117659
0.095129
0.012726
-0.083238
-0.142484
-0.139146
-0.100553
-0.041723
0.023782
0.085324
0.147282
0.174194
0.159591
0.108689
0.025034
-0.056743
-0.093251
-0.077814
-0.030249
0.024408
0.074058
0.119745
0.165641
0.172734
0.136852
0.059873
-0.042349
-0.096172
-0.107437
-0.081777
-0.033170
0.006050
0.057578
0.096798
0.109523
0.091165
0.005424
-0.091582
-0.156044
-0.168770
-0.134766
-0.081151
-0.007302
0.042349
0.084906
0.115990
0.105559
0.051945
-0.045270
-0.120371
-0.160634
-0.146865
-0.087827
-0.039846
0.012100
0.053823
0.100135
0.123918
0.079274
0.004381
-0.090122
-0.158339
-0.166475
-0.141650
-0.095337
-0.052362
-0.013560
0.035882
0.076979
0.089913
0.045895
-0.020236
-0.073850
-0.088870
-0.052988
-0.018150
0.029832
0.074684
0.118076
0.161677
0.158339
0.123292
0.048607
-0.028163
-0.066757
-0.067591
-0.025451
0.018150
0.051945
0.082194
0.114947
0.144988
0.133305
0.074267
0.008345
-0.028789
-0.041723
-0.012726
0.035673
0.049025
0.068843
0.101178
0.140190
0.161677
0.120997
0.074267
0.025451
-0.008553
-0.011891
-0.004798
0.026703
0.056118
0.091791
0.136643
0.170230
0.166892
0.109940
0.045061
-0.009179
-0.022739
0.000000
0.018775
0.031918
0.026494
0.027954
0.032961
0.026286
-0.001669
-0.065922
-0.107854
-0.113070
-0.089496
-0.062585
-0.050068
-0.032753
-0.014186
0.035047
0.072390
0.054866
0.004381
-0.058830
-0.083655
-0.074267
-0.056952
-0.029206
-0.006676
0.035465
0.096172
0.150620
0.176489
0.139146
0.090956
0.046938
0.029415
0.048399
0.049859
0.048607
0.036299
0.058830
0.112652
0.138312
0.134766
0.085741
0.036090
0.006258
0.007093
0.030875
0.039428
0.036090
0.032753
0.054240
0.081986
0.091374
0.076353
0.038385
0.020444
0.037759
0.059247
0.059455
0.034213
0.020862
0.033170
0.081151
0.127047
0.114113
0.068634
0.005841
-0.023156
-0.028789
-0.036090
-0.025034
-0.005215
0.048816
0.099718
0.134766
0.136852
0.063836
-0.018358
-0.077605
-0.089287
-0.074058
-0.070929
-0.065505
-0.049442
-0.001460
0.043601
0.066131
0.052780
-0.010639
-0.082194
-0.113695
-0.104516
-0.083238
-0.081777
-0.075102
-0.037759
-0.003338
0.034213
0.041097
0.015855
-0.026494
-0.054866
-0.043809
-0.027537
-0.017524
-0.036090
-0.025660
0.013769
0.045270
0.057578
0.007510
-0.037134
-0.063628
-0.075727
-0.058204
-0.043183
-0.029206
-0.024617
-0.004381
0.052988
0.093668
0.069678
0.020236
-0.032335
-0.063419
-0.053614
-0.016689
0.019401
0.025034
0.028998
0.049233
0.077396
0.072807
0.030875
-0.021487
-0.048399
-0.040680
-0.015855
-0.004172
-0.029415
-0.024617
0.002295
0.026494
0.042766
0.029832
-0.003129
-0.032335
-0.028580
-0.013143
0.005841
0.008553
0.002086
0.013351
0.031918
0.057369
0.056952
0.033378
-0.005633
-0.031501
-0.016272
-0.008345
-0.012100
-0.013560
0.013769
0.047773
0.075519
0.106811
0.084281
0.017315
-0.032335
-0.032753
-0.015020
-0.009805
-0.015229
-0.019401
-0.006050
0.012308
0.027746
0.031501
-0.011265
-0.081569
-0.118702
-0.119328
-0.116616
-0.109314
-0.102639
-0.083238
-0.029832
0.031084
0.081360
0.081777
0.039428
0.000626
-0.021905
-0.026286
-0.035465
-0.054031
-0.057578
-0.041723
-0.014186
0.024825
0.052780
0.055283
0.037759
0.021905
0.036508
0.050694
0.034630
-0.011474
-0.044018
-0.040054
-0.025451
-0.010431
-0.021696
-0.039220
-0.051737
-0.050694
-0.039428
-0.059873
-0.086158
-0.100344
-0.084489
-0.032127
0.009596
0.032544
0.037134
0.036090
0.047773
0.048399
0.025868
-0.016272
-0.080943
-0.120997
-0.101804
-0.054657
0.000626
0.028372
0.058204
0.111401
0.125795
0.120788
0.086993
0.016689
-0.024199
-0.036508
-0.023365
0.012726
0.052154
0.085532
0.111609
0.144153
0.152289
0.123918
0.046730
-0.039220
-0.071555
-0.070095
-0.015646
0.058204
0.107228
0.135600
0.159591
0.177740
0.146239
0.076979
0.003755
-0.040263
-0.030458
0.016689
0.064045
0.101596
0.111401
0.113278
0.127255
0.115364
0.067800
-0.026286
-0.099092
-0.116616
-0.090122
-0.032753
0.012308
0.064462
0.096172
0.117450
0.129550
0.090330
0.014603
-0.082403
-0.155001
-0.166684
-0.126212
-0.060290
0.013560
0.071972
0.113695
0.144570
0.143945
0.099927
0.010431
-0.071138
-0.107854
-0.093668
-0.048607
-0.013560
0.020444
0.046938
0.068634
0.064671
0.018358
-0.049025
-0.129967
-0.174194
-0.144570
-0.079065
-0.010014
0.041514
0.069886
0.090748
0.093460
0.075102
0.016481
-0.068843
-0.121206
-0.116825
-0.074267
-0.014394
0.050902
0.089705
0.128507
0.171690
0.176697
0.136226
0.050902
-0.026911
-0.055909
-0.040889
0.004590
0.050902
0.080943
0.118076
0.154167
0.159382
0.133097
0.065505
-0.027329
-0.108897
-0.122874
-0.076979
-0.022530
0.028580
0.074893
0.112861
0.117242
0.103265
0.070929
-0.001669
-0.067383
-0.086993
-0.065297
-0.028580
0.021696
0.080943
0.109732
0.121623
0.115782
0.081569
0.029415
-0.039220
-0.074058
-0.060916
-0.027329
0.031084
0.061542
0.063419
0.091374
0.103890
0.094294
0.045478
-0.030666
-0.069886
-0.093042
-0.081777
-0.040889
-0.003546
0.031501
0.070095
0.124752
0.152498
0.122457
0.055074
-0.005633
-0.041306
-0.044018
-0.008553
0.008970
0.034839
0.078022
0.111401
0.141858
0.123918
0.081569
0.013977
-0.047564
-0.052362
-0.036299
0.000000
0.013351
0.013351
0.028998
0.050276
0.066131
0.050902
0.014812
-0.031084
-0.056952
-0.044226
-0.026911
-0.024408
-0.014186
0.007302
0.038802
0.065714
0.066966
0.030041
-0.037759
-0.075102
-0.069469
-0.023574
0.012726
0.020653
0.047564
0.080526
0.124126
0.138312
0.107437
0.042140
-0.040889
-0.070929
-0.055492
-0.020444
-0.017524
-0.028163
-0.010848
0.008136
0.037134
0.018775
-0.035465
-0.093251
-0.143110
-0.131010
-0.097423
-0.073433
-0.058204
-0.053823
-0.019818
0.025868
0.030875
0.000834
-0.061542
-0.100970
-0.089496
-0.069052
-0.036508
-0.018984
-0.016063
0.008136
0.042975
0.075102
0.067174
0.023991
-0.010431
-0.027120
0.001252
0.032753
0.031084
0.021279
0.004381
0.016898
0.034213
0.028372
-0.004590
-0.071346
-0.106602
-0.091999
-0.040263
0.003546
0.014603
0.031501
0.048399
0.084072
0.103056
0.076979
0.030249
-0.039428
-0.072390
-0.069260
-0.047147
-0.020862
-0.026286
-0.012934
0.029623
0.080734
0.106394
0.088870
0.049650
0.012726
0.010431
0.028163
0.040054
0.028789
0.013560
0.018984
0.036925
0.047982
0.026703
-0.022530
-0.061333
-0.072598
-0.058204
-0.020653
0.008970
0.019610
0.022530
0.030041
0.038594
0.038802
0.014394
-0.037759
-0.052154
-0.024825
0.007510
0.027120
0.004590
-0.004590
0.008970
0.041306
0.060498
0.028580
-0.005215
-0.039428
-0.032544
-0.011682
0.000000
0.016898
0.015646
0.031710
0.047564
0.054240
0.037342
-0.008136
-0.054449
-0.086993
-0.062167
-0.035047
-0.018984
0.008136
0.016481
0.048190
0.074267
0.076979
0.055909
0.004798
-0.019193
-0.015020
0.023991
0.044435
0.020027
0.004590
-0.023782
-0.019193
0.000000
-0.008553
-0.002503
-0.011057
0.009596
0.057578
0.084072
0.090539
0.041932
0.004798
0.000417
0.008553
0.025451
-0.008762
-0.041514
-0.044852
-0.016898
0.017732
0.026494
0.034004
0.023365
0.042975
0.065088
0.070929
0.068634
0.030875
0.025034
0.042349
0.085741
0.124126
0.099927
0.066966
0.020027
-0.003338
0.018567
0.030666
0.045270
0.043183
0.047564
0.072598
0.074893
0.066548
0.025034
-0.025868
-0.046730
-0.025034
0.011682
0.007302
0.009179
0.016481
0.041514
0.076353
0.076979
0.055283
-0.028163
-0.081151
-0.073850
-0.064045
-0.041723
-0.040263
-0.014603
0.023782
0.059038
0.090748
0.059664
0.010848
-0.045895
-0.089079
-0.098884
-0.103265
-0.079900
-0.056743
-0.027746
0.013351
0.036716
0.038594
-0.004798
-0.063002
-0.119745
-0.140607
-0.096798
-0.043809
0.014186
0.045270
0.082820
0.134348
0.119537
0.075519
0.007927
-0.052988
-0.077396
-0.071764
-0.013769
0.037134
0.074893
0.127255
0.170439
0.201105
0.178158
0.110775
0.045270
0.003546
0.008345
0.029623
0.074267
0.126838
0.178575
0.219255
0.218838
0.204443
0.135391
0.047773
-0.011474
-0.048399
-0.017315
0.026077
0.071346
0.123918
0.148951
0.176697
0.157087
0.085532
0.000000
-0.085950
-0.130385
-0.117242
-0.046313
0.029415
0.084906
0.125586
0.157505
0.167727
0.116199
0.035882
-0.072390
-0.164806
-0.182747
-0.154167
-0.087618
-0.030041
0.015646
0.067591
0.099301
0.099510
0.038385
-0.055074
-0.129342
-0.160217
-0.138521
-0.092208
-0.050694
-0.022739
0.018567
0.052988
0.070512
0.042140
-0.042349
-0.102222
-0.135183
-0.122040
-0.074893
-0.028998
0.036090
0.082612
0.116825
0.133722
0.098258
0.024408
-0.090122
-0.176071
-0.202148
-0.178158
-0.109940
-0.045478
0.025034
0.078857
0.122666
0.147700
0.110566
0.036299
-0.050902
-0.088036
-0.061333
-0.012726
0.035047
0.071346
0.107646
0.136643
0.148534
0.125795
0.064045
-0.019193
-0.073224
-0.072807
-0.046104
0.015855
0.068217
0.094503
0.133931
0.159174
0.155418
0.119537
0.057369
-0.012726
-0.063836
-0.081986
-0.078022
-0.065714
-0.060707
-0.038594
0.012517
0.038594
0.033170
-0.000417
-0.069886
-0.106394
-0.103473
-0.070512
-0.020236
0.002712
0.027120
0.039428
0.044435
0.049025
-0.000626
-0.074058
-0.123292
-0.113487
-0.076562
-0.048399
-0.024617
-0.008553
0.011682
0.026911
0.045895
0.030041
-0.017941
-0.054031
-0.080317
-0.082820
-0.075936
-0.076770
-0.073433
-0.057995
-0.021696
0.015020
0.023991
0.017941
-0.015855
-0.048816
-0.051945
-0.034213
0.002921
0.023991
0.034630
0.062793
0.093042
0.102013
0.084489
0.040054
-0.012726
-0.035047
-0.025868
-0.003964
0.016481
0.038802
0.072181
0.112235
0.154375
0.157087
0.114113
0.055074
0.009179
-0.005633
-0.022322
-0.044435
-0.062167
-0.054031
-0.019193
0.026286
0.062167
0.048607
0.020444
-0.016481
-0.040263
-0.037759
-0.052362
-0.053823
-0.045061
-0.020027
0.033378
0.068843
0.078022
0.049442
-0.005424
-0.035047
-0.034004
-0.016689
-0.006050
0.006467
0.035465
0.070929
0.110983
0.113487
0.071972
0.010431
-0.041932
-0.064254
-0.050485
-0.018150
-0.011474
-0.004590
0.016063
0.060707
0.102639
0.089287
0.055492
0.005841
-0.043392
-0.054240
-0.060290
-0.055283
-0.033587
-0.004590
0.049233
0.093251
0.112861
0.083238
0.027329
0.003546
-0.003964
-0.004798
-0.023991
-0.038594
-0.041306
-0.034004
0.003546
0.015229
0.005424
-0.021070
-0.045061
-0.023365
-0.009388
-0.010222
-0.023991
-0.039220
-0.026703
-0.003964
0.039428
0.063002
0.031710
-0.012308
-0.047564
-0.042558
-0.032544
-0.041097
-0.040263
-0.039846
0.011057
0.068843
0.077188
0.051319
-0.008553
-0.046104
-0.040471
-0.007719
0.014603
0.005215
-0.003546
0.016481
0.051528
0.081360
0.084072
0.052362
0.017315
-0.004798
0.003546
0.021696
0.018358
0.005215
0.014186
0.060498
0.112861
0.139564
0.119745
0.081986
0.054866
0.060290
0.078439
0.065505
0.039428
0.014186
0.035465
0.102013
0.164180
0.188797
0.170022
0.137895
0.100344
0.093668
0.104725
0.090539
0.066757
0.059873
0.077188
0.098884
0.099927
0.078439
0.049859
0.031292
0.045895
0.069052
0.065714
0.036299
0.020653
0.022739
0.036925
0.062376
0.064254
0.045895
0.015020
0.015646
0.022530
0.011265
-0.015438
-0.069678
-0.075102
-0.050068
-0.001252
0.040471
0.037759
0.031918
0.016272
0.019401
0.020653
-0.007302
-0.061542
-0.102013
-0.092834
-0.068843
-0.050068
-0.052988
-0.053197
-0.045478
-0.031918
-0.005633
-0.009596
-0.058621
-0.104934
-0.103265
-0.080734
-0.053823
-0.036090
-0.034004
-0.026494
-0.009179
0.036090
0.057995
0.034630
-0.006676
-0.053614
-0.064045
-0.055700
-0.035047
-0.001460
0.011474
0.025451
0.051319
0.074058
0.060916
-0.001252
-0.059664
-0.087618
-0.064254
-0.025034
0.000834
0.025660
0.035673
0.060916
0.083863
0.076145
0.023156
-0.052571
-0.097006
-0.102222
-0.059038
0.003964
0.072390
0.127673
0.165849
0.198185
0.195055
0.148117
0.054866
-0.031292
-0.064671
-0.044852
0.015020
0.074893
0.108271
0.130385
0.160842
0.164389
0.132262
0.048399
-0.056118
-0.118702
-0.145405
-0.119119
-0.034630
0.047147
0.101178
0.150829
0.160217
0.143527
0.065297
-0.060498
-0.135809
-0.181913
-0.164180
-0.109314
-0.036508
0.039011
0.080734
0.120162
0.112652
0.067383
-0.025660
-0.127881
-0.157296
-0.149994
-0.101804
-0.039637
0.003129
0.039846
0.056118
0.047564
0.007302
-0.064879
-0.136017
-0.185876
-0.189423
-0.142902
-0.079065
-0.015229
0.037134
0.088662
0.123500
0.124752
0.088662
0.003755
-0.084906
-0.134557
-0.137060
-0.099301
-0.047147
0.006467
0.059455
0.107646
0.140190
0.132679
0.071764
-0.014812
-0.076145
-0.075936
-0.035882
0.009805
0.044226
0.045270
0.039637
0.032335
0.013351
-0.021070
-0.074684
-0.106185
-0.107228
-0.078439
-0.042349
-0.021905
-0.006467
0.013143
0.052780
0.089287
0.091582
0.042558
-0.026077
-0.070721
-0.088036
-0.061124
-0.012934
0.039220
0.080734
0.109732
0.139146
0.126630
0.080943
0.009805
-0.062793
-0.083238
-0.068426
-0.042140
-0.015646
0.006676
0.045478
0.084489
0.096589
0.084698
0.040263
-0.027537
-0.080943
-0.091999
-0.078648
-0.057995
-0.021696
0.031918
0.086367
0.110983
0.101178
0.060290
-0.001669
-0.057369
-0.077188
-0.046313
-0.001669
0.033170
0.071346
0.099092
0.123083
0.141233
0.120580
0.066340
0.012100
-0.008970
-0.000209
0.016689
0.032127
0.051111
0.087201
0.123292
0.142484
0.133305
0.086158
0.010222
-0.049233
-0.059247
-0.041723
-0.010431
0.015438
0.055283
0.103682
0.126838
0.132471
0.089705
0.021696
-0.034422
-0.067591
-0.061959
-0.042140
-0.025451
-0.001460
0.039428
0.087201
0.124335
0.120788
0.078857
0.030041
0.004590
0.005633
0.002503
-0.007093
-0.008970
0.010848
0.046313
0.079691
0.092417
0.051319
-0.027329
-0.088662
-0.109106
-0.087827
-0.059455
-0.044435
-0.026703
0.007093
0.051528
0.087827
0.085324
0.042140
-0.005841
-0.037968
-0.040471
-0.032753
-0.040889
-0.048816
-0.024199
0.022948
0.063210
0.074476
0.035465
-0.011265
-0.044852
-0.036508
-0.000417
0.012934
0.031501
0.047773
0.081360
0.119745
0.132262
0.113278
0.051945
-0.000417
-0.024825
-0.023991
-0.017106
-0.015438
-0.012934
-0.009388
0.024825
0.070303
0.082612
0.056952
-0.000626
-0.022530
-0.003129
0.014603
0.031084
0.012726
0.008970
0.032335
0.059247
0.085741
0.057578
0.006676
-0.040263
-0.057786
-0.032127
-0.007510
0.007719
0.008762
0.019610
0.046730
0.079691
0.083863
0.038594
-0.005424
-0.025868
-0.011057
0.006676
0.005841
0.011682
0.022322
0.057578
0.102639
0.109940
0.085115
0.022948
-0.032335
-0.028163
-0.008136
0.019610
0.031084
0.025451
0.046521
0.072390
0.096172
0.089079
0.032961
-0.023782
-0.061959
-0.075102
-0.078231
-0.081777
-0.079274
-0.060290
-0.011057
0.035465
0.049859
0.017315
-0.040471
-0.080943
-0.084281
-0.065088
-0.050068
-0.036508
-0.015020
0.017524
0.039846
0.054449
0.031084
-0.037759
-0.087201
-0.097423
-0.064462
-0.016689
0.024408
0.042349
0.034213
0.026286
0.028998
0.021070
-0.006676
-0.029415
-0.035465
-0.013351
0.004590
0.004172
-0.005215
-0.014603
0.000209
0.014186
0.012517
-0.008553
-0.052362
-0.076979
-0.068009
-0.034839
-0.014394
-0.027954
-0.051111
-0.058204
-0.043183
-0.042975
-0.053197
-0.069886
-0.089496
-0.066340
-0.015229
0.028998
0.047564
0.033378
0.024199
0.012308
0.007093
0.008345
-0.018984
-0.037551
-0.030041
-0.001460
0.035047
0.051945
0.046104
0.027120
0.004381
0.005841
0.027120
0.027746
0.026286
0.033796
0.056326
0.103056
0.123918
0.113278
0.076770
0.034630
0.033170
0.056952
0.080317
0.081360
0.074267
0.081151
0.083029
0.091165
0.077396
0.034839
-0.001252
-0.019193
0.008345
0.028998
0.026286
0.018984
0.019193
0.055700
0.079274
0.083446
0.036090
-0.062167
-0.125378
-0.152289
-0.129342
-0.091374
-0.048190
0.014186
0.049442
0.076562
0.078231
0.042975
-0.022113
-0.097215
-0.113278
-0.081569
-0.031710
0.018150
0.036925
0.047564
0.066966
0.085532
0.078022
0.027537
-0.033378
-0.072598
-0.077605
-0.057578
-0.017315
0.028789
0.072181
0.127881
0.154167
0.135600
0.074893
-0.024199
-0.099301
-0.129759
-0.097006
-0.034839
0.012934
0.065088
0.117450
0.168978
0.180035
0.129342
0.045061
-0.034630
-0.068009
-0.048816
0.005424
0.066548
0.114321
0.147282
0.158339
0.157296
0.133514
0.059455
-0.033587
-0.083238
-0.072807
-0.024408
0.051319
0.111818
0.145196
0.158965
0.147491
0.115782
0.044018
-0.041723
-0.108689
-0.135600
-0.105977
-0.047564
0.001669
0.031084
0.059038
0.077396
0.079482
0.050902
-0.019818
-0.089287
-0.137060
-0.125586
-0.057161
0.007719
0.064462
0.089705
0.097006
0.079482
0.012517
-0.074684
-0.181495
-0.249295
-0.229268
-0.156670
-0.075102
0.001878
0.061333
0.083029
0.073433
0.062167
0.019818
-0.056326
-0.118911
-0.155836
-0.135183
-0.082820
-0.019401
0.039220
0.087827
0.132262
0.151663
0.158130
0.112026
0.041932
0.001460
-0.008970
0.027120
0.076353
0.114530
0.141650
0.155001
0.167310
0.174194
0.135600
0.071764
0.033378
0.024199
0.051945
0.087618
0.111609
0.135183
0.147908
0.149786
0.132888
0.083446
0.006884
-0.075936
-0.108689
-0.075727
-0.030875
0.011265
0.039637
0.050694
0.058830
0.053614
0.043183
0.019818
-0.029623
-0.076562
-0.081151
-0.051737
-0.036299
-0.027746
-0.020862
-0.006676
0.025660
0.041514
0.029415
-0.027537
-0.102430
-0.148951
-0.166684
-0.149994
-0.130802
-0.113070
-0.071138
-0.024199
0.017315
0.017941
-0.023156
-0.085741
-0.138938
-0.133514
-0.104308
-0.089913
-0.074058
-0.069678
-0.063628
-0.041306
-0.017524
-0.004798
-0.021905
-0.038594
-0.042140
-0.014603
0.015438
0.028163
0.034422
0.039011
0.073433
0.105768
0.121623
0.092208
0.035047
0.002295
-0.013560
-0.003964
0.013977
0.015646
0.027746
0.058412
0.095337
0.126421
0.124335
0.089287
0.038802
0.012726
0.015855
0.015020
0.004381
-0.006467
0.013769
0.052362
0.089913
0.103056
0.067591
0.025034
-0.007302
0.003129
0.036299
0.040054
0.037759
0.044435
0.071764
0.091582
0.093251
0.068009
0.024825
-0.011891
-0.031084
-0.021696
-0.028998
-0.052780
-0.076979
-0.074893
-0.045478
-0.029415
-0.030041
-0.066548
-0.098466
-0.094920
-0.082612
-0.060707
-0.044226
-0.036925
-0.024199
-0.001460
0.034422
0.031918
-0.017106
-0.072598
-0.118285
-0.121623
-0.114113
-0.084906
-0.044018
-0.017315
0.044644
0.108689
0.172942
0.183373
0.108897
0.043809
0.011265
0.014603
0.010222
-0.004798
0.006884
0.031292
0.076562
0.119954
0.147074
0.132262
0.074893
0.049025
0.058830
0.083863
0.094711
0.093460
0.096589
0.082403
0.094920
0.106811
0.076979
0.024199
-0.037342
-0.049859
-0.025660
-0.005215
0.005633
0.002712
0.005841
0.022948
0.040263
0.022739
-0.014186
-0.042975
-0.057995
-0.040471
-0.018567
-0.014603
-0.024617
-0.040263
-0.048816
-0.037759
-0.010014
-0.005841
-0.026703
-0.049233
-0.055074
-0.029623
-0.006676
0.005215
0.005007
0.003338
0.032544
0.045687
0.040054
0.027120
0.016898
0.026494
0.037551
0.064462
0.062167
0.027537
0.018775
0.025034
0.041723
0.037968
0.013560
0.006258
0.004381
0.030875
0.061333
0.065922
0.042558
-0.016063
-0.036925
-0.034213
-0.033170
-0.033378
-0.041097
-0.018567
0.004590
0.039428
0.059038
0.037551
0.003546
-0.028998
-0.015229
0.016481
0.038177
0.050068
0.066131
0.082194
0.093042
0.106602
0.092834
0.057578
0.007510
-0.016063
0.025034
0.069678
0.084698
0.080317
0.077605
0.094503
0.098466
0.083446
0.030666
-0.051945
-0.098466
-0.107437
-0.081151
-0.045478
-0.027537
-0.007510
0.020444
0.053823
0.056535
0.013977
-0.048399
-0.095129
-0.093668
-0.063002
-0.020236
0.009179
0.013769
0.023991
0.041306
0.063628
0.070721
0.023574
-0.029623
-0.045270
-0.044226
-0.017941
0.013143
0.034213
0.050694
0.057995
0.065505
0.065922
0.031501
-0.026911
-0.071346
-0.078022
-0.031292
0.018150
0.054657
0.080943
0.085324
0.107646
0.128298
0.128507
0.083863
0.009179
-0.012726
0.003338
0.036299
0.080943
0.112235
0.141233
0.158548
0.149786
0.104099
0.012934
-0.077396
-0.129342
-0.114530
-0.048399
0.010222
0.049442
0.066757
0.087827
0.099092
0.072807
0.017315
-0.068634
-0.135600
-0.159382
-0.139146
-0.097632
-0.059038
-0.029623
-0.013351
0.015646
0.038802
0.036299
-0.002086
-0.064879
-0.105977
-0.108271
-0.052988
0.016481
0.054240
0.088662
0.098258
0.093877
0.076145
-0.000626
-0.085324
-0.150829
-0.176280
-0.145196
-0.091374
-0.022113
0.033170
0.074893
0.108897
0.113487
0.072807
-0.018358
-0.104516
-0.161886
-0.162511
-0.113487
-0.063628
-0.000834
0.046104
0.088662
0.110566
0.099301
0.050694
-0.047356
-0.099092
-0.096172
-0.060498
-0.012726
0.020027
0.055283
0.079274
0.100553
0.103682
0.045895
-0.037134
-0.103265
-0.136852
-0.124752
-0.091582
-0.056535
-0.035882
-0.021696
0.008553
0.034839
0.018984
-0.041723
-0.084906
-0.098884
-0.093668
-0.055074
-0.017106
0.005841
0.026703
0.051319
0.071346
0.059247
0.031710
-0.013143
-0.049442
-0.053197
-0.037968
0.019401
0.059873
0.088453
0.109523
0.114321
0.131219
0.111192
0.046313
-0.034839
-0.080317
-0.086158
-0.070929
-0.045061
-0.010431
0.033378
0.066757
0.094294
0.104725
0.084489
0.040680
0.007719
0.007719
0.030249
0.042558
0.047982
0.059038
0.080526
0.112861
0.132471
0.114947
0.063628
0.020444
-0.011057
-0.010431
0.009805
0.024408
0.050694
0.083238
0.138312
0.187128
0.194430
0.145196
0.049650
-0.031292
-0.079274
-0.088036
-0.064879
-0.041306
-0.001252
0.055283
0.107020
0.131428
0.092208
0.020444
-0.042349
-0.084698
-0.101596
-0.100344
-0.099927
-0.087618
-0.042349
0.026286
0.084698
0.092417
0.055909
-0.003755
-0.046730
-0.058412
-0.057369
-0.056326
-0.054866
-0.035673
0.014186
0.070512
0.083655
0.043183
-0.024408
-0.079482
-0.095546
-0.078022
-0.062167
-0.039428
-0.006676
0.031084
0.082194
0.113487
0.097215
0.028998
-0.049650
-0.090956
-0.080317
-0.041723
-0.001878
0.032961
0.077814
0.137686
0.171690
0.156253
0.097215
0.022948
-0.022113
-0.032335
-0.015020
0.014812
0.023365
0.051319
0.106185
0.165015
0.199228
0.159382
0.078648
-0.013143
-0.073224
-0.083029
-0.083029
-0.085324
-0.087201
-0.055492
0.007719
0.070095
0.097841
0.063210
0.000834
-0.050485
-0.054240
-0.027746
-0.014603
-0.000626
0.006676
0.040471
0.083029
0.101596
0.084072
-0.001460
-0.068634
-0.079900
-0.048190
-0.003546
0.016063
0.032335
0.051319
0.085741
0.113487
0.102639
0.056743
-0.017315
-0.060498
-0.064462
-0.049859
-0.035465
-0.046104
-0.023991
0.006050
0.041097
0.080734
0.066340
0.030458
-0.032753
-0.065922
-0.049650
-0.038594
-0.025242
-0.030458
-0.006676
0.040263
0.073850
0.077814
0.023156
-0.008970
-0.011891
0.008762
0.041306
0.027746
0.017941
0.010431
0.028789
0.064462
0.071972
0.074684
0.027329
-0.010431
-0.016063
-0.015855
0.000834
-0.014812
-0.014186
0.010848
0.051111
0.089705
0.078439
0.041097
-0.006676
-0.011891
0.018567
0.049025
0.063628
0.033587
0.023156
0.034839
0.049859
0.054240
0.011474
-0.022322
-0.037759
-0.029206
0.005633
0.026703
0.033378
0.014394
0.015855
0.036299
0.035673
0.005841
-0.056743
-0.099927
-0.112652
-0.087618
-0.053614
-0.055909
-0.066548
-0.060290
-0.036090
-0.012726
-0.000834
-0.004381
-0.017106
-0.016063
0.000209
0.019610
0.019818
-0.012726
-0.025660
-0.001669
0.043809
0.089913
0.088870
0.067800
0.036090
0.027746
0.039220
0.020444
0.007302
-0.010014
-0.003964
0.020444
0.036090
0.067174
0.066340
0.058830
0.071972
0.082612
0.074058
0.013143
-0.057369
-0.110358
-0.124335
-0.091791
-0.061124
-0.026703
-0.010431
0.016481
0.060498
0.071346
0.064462
0.006884
-0.048607
-0.060707
-0.045895
0.003964
0.027120
0.040889
0.046938
0.033796
0.037759
0.006467
-0.058412
-0.131219
-0.175028
-0.160008
-0.116616
-0.039428
0.020653
0.057995
0.084906
0.089705
0.084489
0.031710
-0.058621
-0.151038
-0.187754
-0.150412
-0.092417
-0.027954
0.045270
0.097006
0.117450
0.118911
0.100970
0.040889
-0.047773
-0.099301
-0.092834
-0.026494
0.057578
0.126004
0.171690
0.185459
0.176906
0.133097
0.058204
-0.041306
-0.118911
-0.143736
-0.115156
-0.031918
0.058412
0.145405
0.201940
0.233023
0.247418
0.197976
0.112861
0.009179
-0.060916
-0.066548
-0.052780
0.002086
0.071555
0.121623
0.158339
0.166892
0.153332
0.103056
0.032335
-0.035673
-0.066757
-0.055074
-0.022948
0.042975
0.097006
0.130385
0.139146
0.104308
0.047773
-0.044018
-0.128090
-0.162303
-0.149786
-0.098466
-0.050068
0.007302
0.050068
0.060498
0.062585
0.017315
-0.059247
-0.137686
-0.188380
-0.187754
-0.158130
-0.108897
-0.055283
0.004798
0.053614
0.078648
0.071764
0.006258
-0.069052
-0.134766
-0.171273
-0.162720
-0.120580
-0.054240
-0.006676
0.037342
0.071346
0.076562
0.041932
-0.037968
-0.117450
-0.166475
-0.159799
-0.110358
-0.047773
0.007302
0.048190
0.109106
0.159382
0.144362
0.089079
-0.001252
-0.065922
-0.086367
-0.076979
-0.015646
0.018358
0.058621
0.118076
0.143319
0.167935
0.148951
0.094503
0.034213
-0.017106
-0.014603
0.014394
0.048607
0.083029
0.115782
0.139981
0.147700
0.138521
0.079482
-0.006884
-0.067174
-0.079691
-0.044018
-0.002086
0.045687
0.085950
0.102222
0.130593
0.130385
0.100761
0.043392
-0.023782
-0.048190
-0.049233
-0.011474
0.020653
0.032753
0.070303
0.114738
0.144153
0.131845
0.083029
0.013351
-0.047564
-0.061542
-0.043601
-0.015855
0.000417
-0.005007
0.001669
0.024199
0.035673
0.021696
-0.026494
-0.063002
-0.073224
-0.058412
-0.022739
-0.008762
0.001460
0.004172
0.012726
0.022739
0.009179
-0.013351
-0.043183
-0.055074
-0.032961
0.010014
0.029832
0.041306
0.054240
0.063419
0.079691
0.080526
0.063836
0.027746
0.008970
0.019818
0.051945
0.084698
0.092834
0.091999
0.094294
0.102013
0.093877
0.069052
0.025868
-0.026494
-0.036925
-0.008553
0.015646
0.033796
0.035673
0.027746
0.044018
0.060916
0.060707
0.028372
-0.019193
-0.033378
-0.026703
-0.012100
-0.002503
-0.012100
-0.021279
-0.002295
0.020862
0.022739
-0.004381
-0.062167
-0.100970
-0.100970
-0.071972
-0.038802
-0.007510
0.013351
0.020653
0.044018
0.055909
0.043809
-0.005215
-0.072807
-0.100970
-0.103473
-0.078231
-0.059664
-0.047982
-0.026703
-0.013769
0.036508
0.055283
0.038594
0.021279
-0.020653
-0.018984
0.003755
0.023574
0.022739
-0.000626
0.017315
0.053197
0.070721
0.043183
-0.007093
-0.059455
-0.096798
-0.075102
-0.028998
0.005215
0.025868
0.047773
0.087410
0.101596
0.079900
0.035256
-0.034630
-0.081569
-0.102222
-0.082403
-0.046313
-0.040263
-0.026077
-0.011265
0.024408
0.060498
0.056535
0.036299
0.011265
0.028163
0.065714
0.092208
0.096798
0.068843
0.055283
0.045061
0.043183
0.039637
0.003129
-0.026494
-0.045061
-0.023574
0.026286
0.056535
0.072181
0.078857
0.090122
0.095129
0.093877
0.057578
0.001878
-0.023365
-0.020653
0.008762
0.024617
0.019401
0.002086
-0.003129
0.012517
0.015855
-0.004381
-0.048399
-0.065714
-0.050068
0.000000
0.069469
0.106602
0.111401
0.078022
0.037342
0.018775
0.001669
-0.031292
-0.062793
-0.067591
-0.044226
-0.012517
0.011265
0.007719
-0.012934
-0.013560
0.001252
0.020236
0.015855
0.002295
-0.003964
0.007510
0.043809
0.055074
0.032753
-0.015438
-0.047773
-0.048607
-0.039846
-0.021070
-0.026077
-0.042975
-0.029623
0.018358
0.072598
0.100970
0.090539
0.054240
0.028789
0.015020
0.014186
-0.010431
-0.066548
-0.082612
-0.064462
-0.032961
-0.009805
-0.022739
-0.061124
-0.103682
-0.108063
-0.076979
-0.047773
-0.028789
-0.008762
0.025868
0.061750
0.084489
0.058412
-0.027329
-0.107437
-0.135600
-0.108271
-0.058830
-0.021487
-0.001252
0.016063
0.050902
0.087827
0.095546
0.061750
-0.003755
-0.038594
-0.032753
-0.009596
0.031084
0.039220
0.024408
0.036508
0.059038
0.070303
0.051737
0.007302
-0.033796
-0.046521
-0.031292
-0.008762
0.016689
0.026703
0.041723
0.079274
0.110983
0.125169
0.097006
0.044018
0.014394
0.022948
0.050902
0.080734
0.107646
0.120162
0.137060
0.166266
0.168561
0.119119
0.035047
-0.031918
-0.056118
-0.035673
0.003755
0.040054
0.072598
0.103473
0.135391
0.144153
0.126421
0.066340
-0.015855
-0.058830
-0.053823
-0.022530
0.013351
0.036090
0.061542
0.090956
0.088453
0.063002
0.009805
-0.059873
-0.113487
-0.119954
-0.069469
-0.009388
0.035673
0.064462
0.093877
0.109732
0.081777
0.018984
-0.066757
-0.141858
-0.179201
-0.168144
-0.127673
-0.071764
-0.015020
0.020236
0.060081
0.074058
0.037759
-0.040263
-0.120788
-0.156253
-0.145405
-0.082820
-0.007093
0.055909
0.084489
0.084906
0.085532
0.064254
0.020444
-0.044435
-0.091582
-0.084906
-0.041097
0.018150
0.068843
0.099510
0.115573
0.131010
0.136852
0.110983
0.037551
-0.056535
-0.119328
-0.118494
-0.066548
-0.012726
0.043183
0.096380
0.125795
0.131010
0.101178
0.032544
-0.041723
-0.080734
-0.063836
-0.000626
0.056952
0.104934
0.145196
0.168144
0.179201
0.159382
0.111818
0.043183
-0.022322
-0.050902
-0.049025
-0.013143
0.033796
0.068217
0.109523
0.139355
0.143945
0.109940
0.031084
-0.054866
-0.113904
-0.124126
-0.113487
-0.085532
-0.041097
-0.012100
0.025034
0.051319
0.056952
0.035465
-0.016063
-0.045270
-0.062793
-0.062167
-0.049233
-0.042349
-0.022530
-0.001460
0.033170
0.077814
0.078857
0.039428
0.001669
-0.006884
0.005841
0.023574
0.040263
0.027120
0.023991
0.044435
0.065297
0.073224
0.041723
0.005007
-0.027120
-0.038594
-0.023574
-0.013560
-0.018775
-0.021487
0.014812
0.066757
0.103890
0.104308
0.049650
-0.020236
-0.080734
-0.096172
-0.084906
-0.090122
-0.072807
-0.032753
0.020653
0.065922
0.084281
0.064045
0.005633
-0.030041
-0.043183
-0.039428
-0.035882
-0.045270
-0.041306
-0.021070
0.039637
0.085532
0.079691
0.036508
-0.024825
-0.047773
-0.050694
-0.038177
-0.041306
-0.065088
-0.050694
-0.018150
0.035465
0.065088
0.030875
-0.018358
-0.075310
-0.085532
-0.061333
-0.047773
-0.036925
-0.030249
0.006050
0.040889
0.046521
0.024199
-0.034630
-0.085324
-0.104725
-0.099510
-0.085741
-0.081151
-0.063002
-0.031710
0.012934
0.061750
0.068843
0.033796
-0.027329
-0.066548
-0.061124
-0.042349
-0.020444
-0.009179
0.016481
0.061959
0.101596
0.115782
0.078857
0.015646
-0.042140
-0.062376
-0.047773
-0.031501
-0.027746
-0.013351
0.040889
0.104934
0.149369
0.148326
0.092834
0.022322
-0.026494
-0.038802
-0.035465
-0.040054
-0.035465
-0.014394
0.030458
0.088244
0.112444
0.102639
0.056118
-0.000626
-0.030666
-0.048607
-0.061124
-0.072390
-0.067591
-0.028789
0.036299
0.082194
0.083029
0.045895
-0.010639
-0.030875
-0.023991
-0.018567
-0.022322
-0.025034
-0.010639
0.017524
0.053197
0.065714
0.043601
0.014394
0.007302
0.032335
0.071346
0.083029
0.056952
0.031918
0.037342
0.052362
0.068634
0.064671
0.029415
0.010014
-0.002086
0.006050
0.015229
-0.015646
-0.030666
-0.028789
0.007719
0.058204
0.061333
0.044435
0.011682
-0.009179
0.003338
0.017941
0.009179
-0.015646
-0.018358
0.011682
0.061959
0.100135
0.098675
0.067591
0.027120
0.006258
0.011057
0.012726
0.005841
0.013977
0.044018
0.083238
0.103890
0.088662
0.048399
0.017732
0.017941
0.031918
0.041723
0.030666
0.001669
-0.022948
-0.011265
0.015646
0.040889
0.041514
0.020444
0.022322
0.024408
0.030249
0.024825
-0.006258
-0.038177
-0.034422
0.003129
0.036716
0.039637
0.016689
0.009805
0.015229
0.026911
0.023991
-0.003755
-0.044435
-0.074267
-0.065297
-0.040680
-0.004172
0.019610
0.025034
0.035673
0.050485
0.074684
0.060707
0.020444
-0.016063
-0.040889
-0.022948
0.007510
0.032127
0.052362
0.071346
0.113278
0.156879
0.160217
0.131010
0.067174
0.008762
-0.004590
0.014186
0.056535
0.087410
0.114738
0.143736
0.158130
0.141233
0.081569
-0.000417
-0.068634
-0.081777
-0.067383
-0.030458
0.012100
0.031084
0.058830
0.082612
0.090330
0.063628
0.016481
-0.032335
-0.079482
-0.086575
-0.066757
-0.031292
-0.002086
0.027746
0.084489
0.126838
0.136226
0.083863
-0.018775
-0.117033
-0.161886
-0.136434
-0.090122
-0.021070
0.045895
0.088244
0.124335
0.123292
0.078857
-0.014186
-0.100135
-0.126630
-0.123918
-0.084906
-0.028580
0.027120
0.065088
0.083863
0.104725
0.065297
-0.014603
-0.101387
-0.148951
-0.125795
-0.083446
-0.001460
0.069052
0.127464
0.171899
0.169604
0.151246
0.082612
-0.003964
-0.080734
-0.133305
-0.108897
-0.050485
0.017315
0.063002
0.099092
0.151038
0.143736
0.103473
0.014394
-0.105768
-0.179409
-0.200062
-0.140607
-0.066131
0.000209
0.065714
0.092208
0.098258
0.064045
-0.012934
-0.108689
-0.192552
-0.215500
-0.192969
-0.123500
-0.041097
0.014186
0.048399
0.061333
0.067174
0.031918
-0.033796
-0.097632
-0.136017
-0.112861
-0.070721
-0.030249
-0.000626
0.016689
0.036508
0.031710
0.001669
-0.064462
-0.138521
-0.186085
-0.194221
-0.140815
-0.079900
-0.028998
0.025868
0.070929
0.115573
0.127881
0.089079
0.018150
-0.056118
-0.091791
-0.086993
-0.052780
-0.009596
0.036090
0.083863
0.112861
0.126838
0.117659
0.065922
0.014394
-0.008345
-0.002086
0.035256
0.065714
0.090539
0.119328
0.141858
0.152915
0.130385
0.080108
0.023156
-0.021070
-0.035256
-0.016898
0.016063
0.030875
0.037342
0.075102
0.122874
0.149369
0.142902
0.079691
0.005424
-0.034839
-0.054031
-0.037342
-0.012934
-0.001252
0.011891
0.043601
0.084489
0.083655
0.047773
-0.013977
-0.065714
-0.077814
-0.069678
-0.046521
-0.025034
-0.010014
0.002086
0.011891
0.022530
-0.013769
-0.094294
-0.148326
-0.168770
-0.144779
-0.106811
-0.080526
-0.060707
-0.038594
0.013769
0.041097
0.030458
-0.006884
-0.054657
-0.076562
-0.076770
-0.042140
-0.013143
0.000834
0.027954
0.062585
0.116407
0.142276
0.115573
0.051737
-0.011474
-0.025451
-0.011057
0.022739
0.056952
0.079482
0.109940
0.137060
0.162303
0.151246
0.093251
0.038802
-0.007093
-0.015438
-0.000834
0.018358
0.026494
0.021696
0.052571
0.083238
0.107646
0.100553
0.072181
0.062167
0.060498
0.076562
0.082403
0.069469
0.050485
0.061542
0.102847
0.117868
0.096172
0.052154
0.003129
-0.018150
0.001878
0.025451
0.032544
0.046313
0.062793
0.073433
0.088453
0.073433
0.016063
-0.052154
-0.091165
-0.074476
-0.055700
-0.046938
-0.032753
-0.013977
0.024408
0.057369
0.076145
0.052154
-0.013351
-0.066757
-0.084906
-0.067383
-0.055074
-0.058830
-0.061542
-0.054031
-0.024408
0.007927
0.018358
0.002503
-0.030458
-0.052362
-0.037968
0.006258
0.024825
0.019818
0.040889
0.086367
0.120162
0.108271
0.063002
0.003129
-0.030666
-0.027120
-0.000834
0.034004
0.036090
0.027954
0.039428
0.066548
0.088662
0.086784
0.065297
0.034422
0.037134
0.074893
0.118911
0.145822
0.127673
0.107646
0.114113
0.119537
0.099092
0.040054
-0.037134
-0.076979
-0.053197
0.000626
0.046313
0.069678
0.088036
0.110983
0.128716
0.117033
0.071764
0.005424
-0.060916
-0.093877
-0.083029
-0.057578
-0.053823
-0.061959
-0.063628
-0.032335
0.010431
0.018775
-0.012934
-0.079482
-0.115156
-0.099301
-0.071764
-0.040889
-0.015646
0.009179
0.034630
0.068009
0.079691
0.036925
-0.035673
-0.085741
-0.083238
-0.051111
-0.016689
-0.003129
-0.016898
-0.032335
-0.021279
-0.001460
0.011057
-0.013977
-0.063628
-0.085532
-0.086158
-0.066966
-0.061333
-0.074893
-0.074684
-0.051319
-0.011891
0.012726
0.008345
-0.030041
-0.058830
-0.045895
-0.016481
0.016898
0.033378
0.036090
0.031501
0.020862
0.030875
0.035465
0.016481
-0.009179
-0.016898
0.016689
0.040680
0.028580
0.000626
-0.023156
-0.027329
-0.021487
0.003964
0.023574
0.027537
0.032544
0.037134
0.036925
0.007719
-0.047147
-0.102222
-0.114530
-0.077814
-0.040054
-0.006050
0.019610
0.039011
0.077396
0.102222
0.108480
0.088453
0.040680
0.006258
-0.003755
0.019610
0.034839
0.030249
0.032335
0.049859
0.070303
0.067174
0.030249
-0.020444
-0.056118
-0.073015
-0.044435
0.013351
0.062585
0.080943
0.091582
0.117033
0.110149
0.064045
-0.019193
-0.097423
-0.126421
-0.100761
-0.017941
0.068009
0.111818
0.122457
0.126630
0.126421
0.105559
0.052154
-0.013560
-0.065714
-0.071346
-0.025034
0.030041
0.075519
0.076145
0.065505
0.080943
0.074267
0.033587
-0.052988
-0.146239
-0.177114
-0.140607
-0.060290
0.014603
0.060081
0.081777
0.090748
0.100761
0.085532
0.023782
-0.067174
-0.145405
-0.149786
-0.105559
-0.035047
0.047147
0.093251
0.125586
0.139981
0.140190
0.101178
0.005007
-0.078857
-0.132054
-0.139146
-0.092417
-0.036716
0.025034
0.076353
0.098466
0.099092
0.058204
-0.016898
-0.107854
-0.170230
-0.177323
-0.133305
-0.061333
0.003129
0.061333
0.097423
0.132262
0.141441
0.087618
0.002086
-0.086784
-0.119328
-0.099927
-0.036925
0.043183
0.097632
0.153750
0.194430
0.198393
0.158130
0.081151
-0.002086
-0.061333
-0.070512
-0.042558
-0.014186
0.020653
0.059664
0.086367
0.086993
0.055074
0.008553
-0.084698
-0.156670
-0.169396
-0.143110
-0.079900
-0.021279
0.049859
0.087618
0.093877
0.082612
0.035465
-0.027746
-0.085741
-0.095546
-0.086784
-0.055283
-0.001460
0.041514
0.086367
0.109106
0.122666
0.113278
0.067174
0.021905
-0.027746
-0.036925
-0.011474
0.010014
0.039428
0.059038
0.088244
0.112444
0.101596
0.060916
-0.001669
-0.055283
-0.088870
-0.071346
-0.034630
-0.007510
0.026494
0.051528
0.086158
0.103056
0.088244
0.049233
-0.000417
-0.025034
-0.020653
0.003546
0.003755
0.008136
0.027954
0.054240
0.090539
0.097632
0.086367
0.040471
0.001669
0.003129
0.023574
0.045478
0.041514
0.031710
0.027329
0.044018
0.070929
0.070929
0.042558
0.004590
-0.019818
-0.019818
-0.021070
-0.025451
-0.030249
-0.023782
0.017315
0.055492
0.078022
0.056535
-0.001460
-0.036925
-0.052780
-0.036925
-0.029623
-0.047147
-0.028580
0.021279
0.086158
0.126630
0.112026
0.055074
-0.014186
-0.045478
-0.031710
-0.012308
-0.016689
-0.040889
-0.050485
-0.024408
0.009179
0.028998
0.023574
-0.014186
-0.055074
-0.054449
-0.026286
-0.012308
-0.019401
-0.024199
0.005424
0.050485
0.089496
0.089079
0.042349
-0.006467
-0.043809
-0.045687
-0.040889
-0.041097
-0.015855
0.028163
0.088036
0.143736
0.161260
0.114530
0.051111
0.005841
-0.013977
-0.000209
-0.001878
-0.002921
0.006258
0.027329
0.073433
0.085115
0.061333
0.014186
-0.042975
-0.055492
-0.043183
-0.034422
-0.031710
-0.023991
0.010431
0.060290
0.097423
0.092208
0.045687
-0.009596
-0.043183
-0.038385
-0.011682
-0.008970
-0.018775
-0.009805
0.027329
0.081360
0.100553
0.079274
0.033378
-0.006884
-0.019610
-0.008553
0.009179
0.008136
0.014812
0.032335
0.055074
0.071346
0.038177
-0.023156
-0.082612
-0.121206
-0.105142
-0.056326
-0.013143
0.009179
0.001043
0.012726
0.040471
0.045478
0.026703
-0.024825
-0.045687
-0.023365
0.010848
0.018775
-0.016272
-0.026286
-0.014603
0.012726
0.019818
-0.008553
-0.052362
-0.104308
-0.108689
-0.081360
-0.037759
0.002086
0.013143
0.025034
0.050276
0.077188
0.072807
0.015438
-0.065297
-0.120997
-0.123918
-0.101596
-0.077396
-0.061124
-0.053823
-0.035256
0.007302
0.055074
0.059247
0.040263
0.014394
0.001460
0.018984
0.026286
0.019818
0.005215
-0.001043
0.015229
0.044435
0.063419
0.040889
0.007719
-0.012308
-0.010431
0.010848
0.011265
-0.001878
-0.001043
0.018567
0.053614
0.085115
0.059038
0.003129
-0.030249
-0.052988
-0.053406
-0.041097
-0.040263
-0.038177
-0.018358
0.018775
0.067174
0.085532
0.065505
0.042558
0.040471
0.070095
0.100344
0.089913
0.048607
0.002712
-0.019401
-0.005633
0.006676
0.018358
0.027329
0.038594
0.050068
0.050276
0.045478
0.008970
-0.035882
-0.051111
-0.030249
-0.003546
0.013769
0.025868
0.035256
0.053614
0.065505
0.071972
0.039428
-0.019818
-0.049650
-0.046313
-0.006884
0.025660
0.041514
0.058830
0.072807
0.100761
0.105768
0.067174
0.005007
-0.073224
-0.121831
-0.127255
-0.113695
-0.082194
-0.055492
-0.018775
0.025451
0.057786
0.064254
0.016481
-0.049025
-0.115782
-0.131636
-0.092208
-0.040680
0.003129
0.021279
0.057786
0.079482
0.072181
0.039846
-0.012517
-0.044644
-0.056952
-0.020444
0.030458
0.074267
0.111818
0.132888
0.164806
0.170856
0.134140
0.059038
-0.025242
-0.061959
-0.052571
-0.007719
0.053823
0.119537
0.183582
0.213205
0.220715
0.189423
0.096172
-0.016898
-0.111192
-0.131845
-0.098884
-0.030458
0.048190
0.103473
0.169813
0.202983
0.197350
0.144153
0.029832
-0.064254
-0.118494
-0.104099
-0.034839
0.037968
0.109940
0.155836
0.189631
0.176280
0.104934
0.006050
-0.116199
-0.178575
-0.180661
-0.134140
-0.054240
0.006676
0.059038
0.090748
0.128090
0.110566
0.016481
-0.079482
-0.169813
-0.203609
-0.184416
-0.122666
-0.049859
-0.003546
0.052154
0.085324
0.085532
0.036508
-0.062376
-0.139146
-0.176697
-0.154167
-0.084489
-0.019610
0.043809
0.095963
0.124335
0.126212
0.089913
0.010848
-0.091374
-0.160634
-0.180870
-0.151246
-0.090539
-0.038594
0.010431
0.045270
0.069469
0.085950
0.066548
0.004590
-0.069886
-0.098049
-0.094503
-0.062793
-0.010222
0.025242
0.073224
0.109106
0.130593
0.126838
0.064254
0.000626
-0.033170
-0.037551
-0.007302
0.023574
0.050694
0.078439
0.109314
0.156670
0.159799
0.120371
0.055283
-0.026494
-0.071346
-0.076979
-0.043809
-0.012100
0.004172
0.039220
0.074058
0.094294
0.082194
0.032127
-0.033796
-0.086784
-0.086575
-0.071346
-0.046730
0.002295
0.035465
0.076562
0.106602
0.110775
0.076353
-0.004590
-0.054449
-0.077814
-0.078648
-0.056743
-0.033796
0.001460
0.043601
0.098884
0.131428
0.112235
0.048607
-0.023365
-0.064254
-0.063419
-0.030458
-0.008136
0.008553
0.028789
0.055283
0.074893
0.057578
0.017941
-0.032753
-0.071764
-0.066548
-0.034630
-0.006676
0.003546
0.022530
0.062585
0.092417
0.105351
0.073641
0.022322
-0.013560
-0.045895
-0.037968
-0.015229
0.002712
0.030666
0.057161
0.102430
0.138312
0.138938
0.094503
0.027329
-0.020027
-0.032335
-0.012726
-0.010222
-0.014186
-0.011265
0.000834
0.023991
0.035673
0.003129
-0.077605
-0.139772
-0.138103
-0.094503
-0.043392
-0.002086
0.025868
0.064462
0.095546
0.112861
0.090122
0.018150
-0.044852
-0.079691
-0.070929
-0.053614
-0.041097
-0.028163
-0.012726
0.020444
0.048816
0.066757
0.052571
0.006676
-0.034004
-0.068634
-0.063628
-0.044644
-0.051945
-0.043183
-0.018775
0.024408
0.059038
0.050485
0.007719
-0.037134
-0.069052
-0.068634
-0.042558
-0.036508
-0.021905
0.004590
0.043392
0.089913
0.099301
0.061124
0.006884
-0.010848
-0.002921
0.002921
0.004381
-0.003755
-0.012726
-0.012517
0.015020
0.033587
0.001460
-0.049233
-0.078439
-0.067383
-0.050068
-0.040889
-0.021696
-0.011891
-0.007302
0.007302
0.030041
0.030875
-0.012100
-0.049025
-0.065088
-0.071555
-0.071346
-0.078857
-0.093251
-0.084698
-0.014186
0.070303
0.107228
0.103890
0.064879
0.018150
0.000209
0.000000
-0.001669
-0.031710
-0.059873
-0.037551
0.011474
0.067383
0.088870
0.065088
0.031918
0.007719
0.018984
0.036925
0.026494
0.005424
0.010431
0.045478
0.075936
0.105768
0.078439
0.024199
0.018567
0.033378
0.067383
0.077188
0.056743
0.043183
0.058412
0.108897
0.148951
0.135809
0.078231
0.028163
0.007510
0.019610
0.042349
0.052154
0.043601
0.052571
0.094711
0.133514
0.148326
0.117450
0.086367
0.060916
0.039428
0.033378
-0.004798
-0.053197
-0.081986
-0.066340
-0.012934
0.036299
0.062167
0.052154
0.041723
0.050485
0.064045
0.060081
0.013977
-0.056326
-0.091165
-0.077396
-0.033587
0.009388
0.004381
-0.010222
-0.012517
0.006884
0.041723
0.021696
-0.018984
-0.041306
-0.043809
-0.008136
0.022322
0.040680
0.050276
0.040471
0.040680
0.040889
0.007302
-0.041514
-0.081777
-0.090748
-0.051111
-0.002295
0.044852
0.061959
0.063419
0.078857
0.076145
0.069052
0.022530
-0.049233
-0.099510
-0.113695
-0.059664
0.020444
0.086575
0.117868
0.126421
0.126838
0.100761
0.052780
-0.041306
-0.140607
-0.179826
-0.161677
-0.091374
-0.022530
0.026703
0.075102
0.100135
0.107437
0.083029
0.034422
-0.018984
-0.069678
-0.071764
-0.037342
0.019818
0.076145
0.118494
0.160425
0.167727
0.155210
0.102013
0.023574
-0.036299
-0.058204
-0.019818
0.039220
0.099927
0.133305
0.154167
0.170230
0.155001
0.120162
0.047773
-0.027120
-0.069469
-0.090330
-0.056118
0.007719
0.053406
0.069260
0.066548
0.065714
0.032335
-0.041514
-0.105351
-0.134766
-0.130593
-0.079900
-0.019818
0.031918
0.062585
0.060707
0.058204
0.034630
-0.009805
-0.081986
-0.146031
-0.146448
-0.123083
-0.067174
-0.003964
0.032753
0.077188
0.090956
0.084072
0.057369
-0.019818
-0.098675
-0.164389
-0.175446
-0.144570
-0.115573
-0.076353
-0.047564
-0.008553
0.024617
0.035465
0.023365
-0.031501
-0.073850
-0.093042
-0.077605
-0.027120
0.001252
0.018150
0.040054
0.069260
0.092417
0.084072
0.037759
-0.033378
-0.084698
-0.081151
-0.031292
0.019610
0.054449
0.070512
0.069678
0.070929
0.043183
-0.014603
-0.088453
-0.147908
-0.150412
-0.116407
-0.057161
0.002503
0.039220
0.072390
0.107854
0.129342
0.109732
0.038385
-0.046521
-0.090956
-0.083238
-0.046938
0.009596
0.056743
0.084072
0.117033
0.142276
0.153124
0.112235
0.037759
-0.022530
-0.061124
-0.055074
-0.044018
-0.024825
0.001878
0.033378
0.069678
0.071138
0.065714
0.018150
-0.054240
-0.089287
-0.094711
-0.060290
-0.027954
-0.001460
0.025451
0.038594
0.036925
-0.001669
-0.044226
-0.089913
-0.122040
-0.088244
-0.024199
0.039011
0.071138
0.072181
0.096798
0.110983
0.108480
0.085532
0.018567
-0.022948
-0.028789
-0.013769
-0.001043
0.008970
0.024408
0.042349
0.080943
0.101387
0.110566
0.074893
0.025868
0.003129
-0.005215
0.030666
0.042558
0.043183
0.036716
0.022322
0.043809
0.045895
0.026077
-0.005841
-0.037759
-0.035047
-0.021070
-0.001043
-0.006050
-0.017106
0.005633
0.028163
0.036508
-0.000209
-0.051528
-0.097632
-0.110566
-0.072181
-0.042140
-0.020653
-0.018150
-0.004590
0.033587
0.053823
0.060081
0.021279
-0.053406
-0.096380
-0.094711
-0.062167
-0.039011
-0.034004
-0.026494
0.002503
0.064254
0.103056
0.099718
0.040680
-0.042140
-0.080317
-0.080108
-0.046730
-0.025868
-0.001460
0.032127
0.049025
0.080734
0.062793
0.007510
-0.037134
-0.065714
-0.044644
-0.004590
0.034839
0.061124
0.064254
0.075310
0.100761
0.106394
0.085324
0.034839
-0.020444
-0.037968
-0.028163
-0.006258
0.013769
0.029832
0.045478
0.078231
0.112026
0.105977
0.063628
0.014394
0.002086
0.025451
0.056118
0.069886
0.075310
0.086367
0.103682
0.122666
0.121206
0.083238
0.016272
-0.030458
-0.040054
-0.008553
0.040263
0.077605
0.106185
0.121206
0.133097
0.122040
0.083446
0.021487
-0.049233
-0.075727
-0.064462
-0.026286
0.006258
0.012726
0.024825
0.051528
0.082194
0.073015
0.032753
-0.020862
-0.055283
-0.047982
-0.025034
-0.007302
-0.016689
-0.005841
0.034004
0.077814
0.114530
0.094711
0.033378
-0.026494
-0.049650
-0.040263
-0.028789
-0.008345
0.008345
0.031292
0.061750
0.085532
0.068426
0.004172
-0.061542
-0.102013
-0.081986
-0.042558
-0.018567
0.000417
0.018358
0.047982
0.081360
0.101596
0.072598
0.015020
-0.033378
-0.044018
-0.011265
0.017732
0.023782
0.008345
-0.004381
0.001043
0.030875
0.046938
0.027329
0.006050
0.005841
0.040054
0.055700
0.054240
0.036090
0.010639
0.016063
0.025868
0.037551
0.008970
-0.039637
-0.064462
-0.070303
-0.040263
-0.031501
-0.050068
-0.055700
-0.052154
-0.030458
0.001460
0.004590
-0.015229
-0.032753
-0.026494
0.010431
0.037134
0.036090
-0.002503
-0.046730
-0.065297
-0.058830
-0.047982
-0.058412
-0.071346
-0.067800
-0.029832
0.021487
0.047356
0.035673
-0.006676
-0.032335
-0.026286
-0.009388
0.008345
0.003546
-0.001043
0.020653
0.048399
0.059455
0.037968
-0.006884
-0.039846
-0.034839
-0.000209
0.037968
0.048607
0.055283
0.067174
0.077814
0.099301
0.084698
0.036299
-0.027954
-0.078022
-0.076979
-0.062793
-0.038802
-0.012726
0.024617
0.061333
0.076770
0.077814
0.016063
-0.066548
-0.131845
-0.155627
-0.125795
-0.094920
-0.032753
0.026703
0.059664
0.078857
0.066340
0.028372
-0.049859
-0.105768
-0.112652
-0.079065
-0.015646
0.025868
0.046104
0.062376
0.086367
0.105559
0.092834
0.043809
-0.022530
-0.075102
-0.082403
-0.063836
-0.036090
-0.012308
0.009596
0.036508
0.044435
0.042140
0.003546
-0.052362
-0.105142
-0.113278
-0.069678
-0.050694
-0.012934
0.021070
0.061542
0.106602
0.098049
0.057578
-0.023991
-0.091999
-0.119954
-0.098466
-0.037551
0.036508
0.102430
0.127881
0.141441
0.148117
0.134766
0.073641
-0.009179
-0.053197
-0.046313
-0.002086
0.044644
0.071972
0.087410
0.094711
0.102222
0.099510
0.066131
0.011057
-0.050276
-0.077188
-0.060707
-0.030458
-0.005633
0.015855
0.042558
0.068843
0.094711
0.087201
0.020653
-0.086367
-0.167727
-0.172525
-0.127673
-0.061542
-0.005215
0.037551
0.065297
0.083238
0.081569
0.014603
-0.073641
-0.142693
-0.165015
-0.131636
-0.069886
0.008136
0.050902
0.066966
0.078231
0.070929
0.039846
-0.017106
-0.072598
-0.099301
-0.078648
-0.025451
0.033378
0.076353
0.106602
0.137686
0.152498
0.146031
0.113695
0.053197
0.003546
-0.013351
0.010014
0.057995
0.104934
0.149577
0.186919
0.215291
0.224679
0.194638
0.125795
0.052988
0.004798
-0.010848
-0.006884
0.026911
0.073641
0.112026
0.149160
0.162929
0.149369
0.083238
0.006050
-0.038802
-0.067383
-0.056118
-0.035047
-0.010639
0.016481
0.037968
0.071138
0.084489
0.086158
0.059664
0.008970
-0.011265
-0.004798
0.003755
-0.006884
-0.015020
0.000834
0.031084
0.062793
0.068426
0.031292
-0.031084
-0.088453
-0.110149
-0.100761
-0.097841
-0.086158
-0.053823
-0.015855
0.021279
0.026911
-0.002086
-0.055909
-0.104934
-0.104099
-0.092834
-0.089079
-0.081360
-0.069052
-0.028580
0.022948
0.063628
0.067591
0.036508
0.004172
-0.006676
0.023365
0.052988
0.048607
0.030249
0.035047
0.059664
0.092208
0.118076
0.094503
0.050694
0.011891
-0.002086
0.000000
0.004798
0.011474
0.015020
0.043392
0.079274
0.123500
0.137060
0.089496
0.022322
-0.026494
-0.026911
-0.007302
0.003755
0.012100
0.033170
0.064254
0.096172
0.104934
0.065088
0.018358
-0.000417
0.009179
0.022113
0.009179
-0.016063
-0.041306
-0.036508
-0.006050
0.016898
0.028163
0.005841
-0.016063
-0.025034
-0.039011
-0.055492
-0.089496
-0.117450
-0.106811
-0.070512
-0.043601
-0.038594
-0.060498
-0.092208
-0.105977
-0.096589
-0.078439
-0.068843
-0.074267
-0.082612
-0.067383
-0.026494
-0.001043
-0.002921
-0.022113
-0.041097
-0.028998
-0.008136
0.011057
0.009179
-0.005841
0.002921
0.042975
0.094294
0.097841
0.074893
0.060498
0.064045
0.075519
0.057161
0.032753
0.016481
0.014812
0.036508
0.061124
0.081151
0.060916
0.024199
0.021696
0.043601
0.076979
0.069052
0.053406
0.052571
0.051528
0.094294
0.128298
0.119328
0.070929
0.031710
0.039011
0.061959
0.090330
0.071764
0.032544
0.002921
-0.007510
0.015020
-0.000209
-0.027329
-0.052362
-0.065714
-0.045061
-0.044435
-0.047147
-0.076353
-0.100135
-0.076353
-0.037968
0.023156
0.025660
-0.019610
