-0.000145
-0.000145
-0.000145
-0.000145
-0.000145
-0.000145
-0.000145
-0.000145
-0.000120
-0.000135
-0.000145
-0.000150
-0.000160
-0.000155
-0.000160
-0.000175
-0.000180
-0.000185
-0.000170
-0.000155
-0.000175
-0.000180
-0.000190
-0.000180
-0.000155
-0.000135
-0.000155
-0.000190
-0.000205
-0.000235
-0.000225
-0.000245
-0.000250
-0.000260
-0.000275
-0.000275
-0.000275
-0.000265
-0.000255
-0.000265
-0.000275
-0.000290
-0.000290
-0.000290
-0.000290
-0.000285
-0.000295
-0.000305
-0.000285
-0.000275
-0.000275
-0.000280
-0.000285
-0.000305
-0.000290
-0.000300
-0.000280
-0.000290
-0.000300
-0.000315
-0.000320
-0.000335
-0.000360
-0.000385
-0.000385
-0.000405
-0.000455
-0.000485
-0.000485
-0.000425
-0.000330
-0.000220
-0.000070
0.000120
0.000375
0.000620
0.000780
0.000840
0.000765
0.000520
0.000170
-0.000165
-0.000365
-0.000435
-0.000425
-0.000370
-0.000330
-0.000325
-0.000335
-0.000345
-0.000330
-0.000325
-0.000315
-0.000310
-0.000320
-0.000335
-0.000340
-0.000325
-0.000345
-0.000335
-0.000330
-0.000335
-0.000330
-0.000325
-0.000330
-0.000330
-0.000345
-0.000355
-0.000335
-0.000325
-0.000305
-0.000320
-0.000320
-0.000330
-0.000340
-0.000335
-0.000340
-0.000345
-0.000355
-0.000355
-0.000340
-0.000330
-0.000330
-0.000330
-0.000340
-0.000350
-0.000325
-0.000325
-0.000330
-0.000330
-0.000335
-0.000335
-0.000340
-0.000330
-0.000340
-0.000350
-0.000355
-0.000350
-0.000345
-0.000330
-0.000320
-0.000335
-0.000330
-0.000345
-0.000330
-0.000335
-0.000335
-0.000345
-0.000345
-0.000355
-0.000340
-0.000340
-0.000335
-0.000330
-0.000350
-0.000350
-0.000345
-0.000335
-0.000335
-0.000335
-0.000350
-0.000355
-0.000355
-0.000345
-0.000345
-0.000335
-0.000350
-0.000360
-0.000360
-0.000360
-0.000365
-0.000360
-0.000370
-0.000385
-0.000370
-0.000360
-0.000355
-0.000360
-0.000375
-0.000375
-0.000365
-0.000365
-0.000360
-0.000360
-0.000365
-0.000370
-0.000355
-0.000330
-0.000325
-0.000325
-0.000335
-0.000340
-0.000315
-0.000300
-0.000300
-0.000290
-0.000295
-0.000290
-0.000285
-0.000275
-0.000255
-0.000250
-0.000250
-0.000265
-0.000255
-0.000245
-0.000230
-0.000245
-0.000245
-0.000255
-0.000255
-0.000240
-0.000250
-0.000255
-0.000245
-0.000255
-0.000250
-0.000250
-0.000265
-0.000260
-0.000260
-0.000265
-0.000270
-0.000265
-0.000260
-0.000275
-0.000280
-0.000290
-0.000275
-0.000270
-0.000260
-0.000280
-0.000280
-0.000285
-0.000275
-0.000275
-0.000265
-0.000270
-0.000285
-0.000290
-0.000280
-0.000275
-0.000285
-0.000280
-0.000300
-0.000300
-0.000305
-0.000295
-0.000300
-0.000310
-0.000310
-0.000305
-0.000295
-0.000285
-0.000285
-0.000290
-0.000295
-0.000310
-0.000290
-0.000295
-0.000300
-0.000305
-0.000310
-0.000325
-0.000310
-0.000300
-0.000290
-0.000310
-0.000325
-0.000330
-0.000315
-0.000300
-0.000305
-0.000310
-0.000320
-0.000330
-0.000325
-0.000315
-0.000310
-0.000305
-0.000305
-0.000310
-0.000300
-0.000305
-0.000290
-0.000300
-0.000300
-0.000305
-0.000305
-0.000290
-0.000280
-0.000295
-0.000305
-0.000315
-0.000305
-0.000295
-0.000290
-0.000280
-0.000270
-0.000275
-0.000275
-0.000270
-0.000250
-0.000250
-0.000255
-0.000225
-0.000220
-0.000205
-0.000200
-0.000205
-0.000215
-0.000230
-0.000220
-0.000225
-0.000225
-0.000225
-0.000230
-0.000235
-0.000240
-0.000235
-0.000220
-0.000210
-0.000205
-0.000245
-0.000285
-0.000285
-0.000300
-0.000310
-0.000330
-0.000330
-0.000325
-0.000315
-0.000320
-0.000315
-0.000325
-0.000340
-0.000345
-0.000340
-0.000340
-0.000350
-0.000345
-0.000355
-0.000330
-0.000335
-0.000330
-0.000320
-0.000345
-0.000355
-0.000340
-0.000330
-0.000325
-0.000330
-0.000350
-0.000365
-0.000360
-0.000380
-0.000425
-0.000445
-0.000475
-0.000510
-0.000535
-0.000505
-0.000415
-0.000300
-0.000160
-0.000015
0.000235
0.000490
0.000720
0.000875
0.000940
0.000905
0.000755
0.000490
0.000165
-0.000110
-0.000270
-0.000390
-0.000450
-0.000475
-0.000455
-0.000425
-0.000390
-0.000390
-0.000385
-0.000390
-0.000380
-0.000380
-0.000380
-0.000395
-0.000385
-0.000385
-0.000385
-0.000375
-0.000395
-0.000410
-0.000410
-0.000400
-0.000395
-0.000390
-0.000405
-0.000395
-0.000385
-0.000375
-0.000390
-0.000390
-0.000405
-0.000410
-0.000410
-0.000390
-0.000390
-0.000395
-0.000405
-0.000415
-0.000400
-0.000410
-0.000405
-0.000410
-0.000415
-0.000410
-0.000400
-0.000400
-0.000395
-0.000390
-0.000405
-0.000410
-0.000390
-0.000390
-0.000385
-0.000385
-0.000410
-0.000405
-0.000395
-0.000390
-0.000375
-0.000390
-0.000395
-0.000410
-0.000400
-0.000390
-0.000390
-0.000385
-0.000405
-0.000415
-0.000415
-0.000400
-0.000395
-0.000405
-0.000415
-0.000420
-0.000420
-0.000410
-0.000415
-0.000425
-0.000420
-0.000435
-0.000430
-0.000430
-0.000420
-0.000430
-0.000450
-0.000455
-0.000450
-0.000435
-0.000445
-0.000450
-0.000455
-0.000470
-0.000460
-0.000455
-0.000450
-0.000455
-0.000470
-0.000475
-0.000460
-0.000450
-0.000445
-0.000440
-0.000435
-0.000440
-0.000410
-0.000395
-0.000370
-0.000365
-0.000360
-0.000365
-0.000340
-0.000325
-0.000315
-0.000320
-0.000330
-0.000330
-0.000320
-0.000310
-0.000300
-0.000300
-0.000320
-0.000320
-0.000315
-0.000305
-0.000305
-0.000295
-0.000320
-0.000330
-0.000305
-0.000310
-0.000300
-0.000300
-0.000320
-0.000325
-0.000310
-0.000305
-0.000315
-0.000305
-0.000315
-0.000315
-0.000310
-0.000295
-0.000290
-0.000305
-0.000310
-0.000320
-0.000315
-0.000300
-0.000315
-0.000315
-0.000315
-0.000330
-0.000315
-0.000320
-0.000315
-0.000325
-0.000335
-0.000340
-0.000335
-0.000335
-0.000330
-0.000325
-0.000345
-0.000350
-0.000345
-0.000335
-0.000330
-0.000330
-0.000345
-0.000345
-0.000345
-0.000320
-0.000330
-0.000335
-0.000340
-0.000355
-0.000335
-0.000330
-0.000330
-0.000335
-0.000355
-0.000360
-0.000355
-0.000350
-0.000340
-0.000345
-0.000345
-0.000345
-0.000345
-0.000330
-0.000330
-0.000335
-0.000345
-0.000350
-0.000350
-0.000340
-0.000330
-0.000345
-0.000345
-0.000355
-0.000350
-0.000340
-0.000330
-0.000340
-0.000340
-0.000340
-0.000330
-0.000335
-0.000330
-0.000335
-0.000345
-0.000345
-0.000340
-0.000330
-0.000315
-0.000295
-0.000300
-0.000295
-0.000285
-0.000275
-0.000265
-0.000265
-0.000265
-0.000255
-0.000250
-0.000240
-0.000225
-0.000215
-0.000240
-0.000245
-0.000240
-0.000245
-0.000235
-0.000245
-0.000250
-0.000275
-0.000275
-0.000265
-0.000250
-0.000225
-0.000220
-0.000230
-0.000265
-0.000270
-0.000280
-0.000285
-0.000305
-0.000320
-0.000340
-0.000330
-0.000335
-0.000335
-0.000355
-0.000370
-0.000360
-0.000345
-0.000350
-0.000355
-0.000365
-0.000375
-0.000380
-0.000370
-0.000365
-0.000365
-0.000380
-0.000385
-0.000380
-0.000375
-0.000355
-0.000370
-0.000390
-0.000405
-0.000410
-0.000435
-0.000465
-0.000490
-0.000520
-0.000555
-0.000570
-0.000525
-0.000405
-0.000250
-0.000090
0.000120
0.000410
0.000690
0.000885
0.000960
0.000850
0.000520
0.000050
-0.000320
-0.000500
-0.000505
-0.000445
-0.000415
-0.000395
-0.000390
-0.000395
-0.000390
-0.000395
-0.000405
-0.000395
-0.000405
-0.000390
-0.000395
-0.000395
-0.000410
-0.000405
-0.000400
-0.000400
-0.000415
-0.000405
-0.000420
-0.000415
-0.000405
-0.000405
-0.000420
-0.000420
-0.000435
-0.000420
-0.000410
-0.000410
-0.000405
-0.000425
-0.000430
-0.000420
-0.000415
-0.000410
-0.000410
-0.000425
-0.000420
-0.000400
-0.000395
-0.000400
-0.000400
-0.000395
-0.000415
-0.000405
-0.000390
-0.000400
-0.000400
-0.000415
-0.000425
-0.000425
-0.000415
-0.000415
-0.000410
-0.000425
-0.000425
-0.000420
-0.000415
-0.000400
-0.000400
-0.000410
-0.000425
-0.000410
-0.000405
-0.000395
-0.000400
-0.000400
-0.000405
-0.000385
-0.000400
-0.000390
-0.000390
-0.000400
-0.000415
-0.000405
-0.000405
-0.000410
-0.000415
-0.000420
-0.000420
-0.000425
-0.000415
-0.000415
-0.000410
-0.000435
-0.000430
-0.000435
-0.000420
-0.000420
-0.000420
-0.000420
-0.000425
-0.000425
-0.000415
-0.000395
-0.000395
-0.000390
-0.000375
-0.000360
-0.000340
-0.000335
-0.000330
-0.000335
-0.000335
-0.000325
-0.000320
-0.000305
-0.000305
-0.000315
-0.000310
-0.000305
-0.000300
-0.000300
-0.000300
-0.000310
-0.000310
-0.000310
-0.000315
-0.000300
-0.000305
-0.000315
-0.000320
-0.000325
-0.000310
-0.000305
-0.000305
-0.000320
-0.000325
-0.000305
-0.000310
-0.000295
-0.000310
-0.000325
-0.000330
-0.000320
-0.000320
-0.000320
-0.000325
-0.000350
-0.000350
-0.000340
-0.000335
-0.000330
-0.000335
-0.000340
-0.000360
-0.000350
-0.000350
-0.000355
-0.000360
-0.000355
-0.000365
-0.000355
-0.000350
-0.000340
-0.000355
-0.000350
-0.000365
-0.000365
-0.000350
-0.000355
-0.000350
-0.000370
-0.000380
-0.000370
-0.000360
-0.000365
-0.000360
-0.000365
-0.000380
-0.000370
-0.000365
-0.000350
-0.000350
-0.000350
-0.000370
-0.000365
-0.000345
-0.000345
-0.000340
-0.000355
-0.000365
-0.000360
-0.000355
-0.000355
-0.000355
-0.000375
-0.000385
-0.000355
-0.000360
-0.000355
-0.000360
-0.000360
-0.000370
-0.000360
-0.000345
-0.000355
-0.000345
-0.000345
-0.000345
-0.000340
-0.000310
-0.000305
-0.000305
-0.000310
-0.000305
-0.000290
-0.000285
-0.000275
-0.000280
-0.000280
-0.000275
-0.000265
-0.000255
-0.000245
-0.000260
-0.000265
-0.000275
-0.000280
-0.000265
-0.000270
-0.000275
-0.000280
-0.000275
-0.000280
-0.000275
-0.000265
-0.000255
-0.000240
-0.000260
-0.000280
-0.000310
-0.000310
-0.000345
-0.000360
-0.000380
-0.000385
-0.000380
-0.000370
-0.000375
-0.000385
-0.000390
-0.000395
-0.000385
-0.000385
-0.000385
-0.000395
-0.000405
-0.000400
-0.000375
-0.000375
-0.000390
-0.000395
-0.000415
-0.000405
-0.000400
-0.000390
-0.000405
-0.000425
-0.000460
-0.000475
-0.000505
-0.000510
-0.000525
-0.000540
-0.000600
-0.000645
-0.000630
-0.000575
-0.000495
-0.000385
-0.000270
-0.000115
0.000090
0.000370
0.000635
0.000810
0.000860
0.000770
0.000475
0.000065
-0.000305
-0.000500
-0.000520
-0.000475
-0.000410
-0.000390
-0.000390
-0.000400
-0.000410
-0.000405
-0.000385
-0.000390
-0.000395
-0.000405
-0.000410
-0.000405
-0.000400
-0.000390
-0.000395
-0.000410
-0.000415
-0.000410
-0.000395
-0.000405
-0.000410
-0.000405
-0.000405
-0.000410
-0.000390
-0.000385
-0.000390
-0.000395
-0.000400
-0.000400
-0.000400
-0.000395
-0.000395
-0.000405
-0.000405
-0.000400
-0.000395
-0.000385
-0.000375
-0.000385
-0.000395
-0.000390
-0.000385
-0.000375
-0.000385
-0.000395
-0.000395
-0.000385
-0.000375
-0.000375
-0.000385
-0.000395
-0.000390
-0.000390
-0.000365
-0.000375
-0.000385
-0.000395
-0.000380
-0.000385
-0.000375
-0.000380
-0.000390
-0.000380
-0.000375
-0.000375
-0.000375
-0.000375
-0.000380
-0.000390
-0.000390
-0.000365
-0.000370
-0.000375
-0.000385
-0.000390
-0.000390
-0.000375
-0.000365
-0.000385
-0.000380
-0.000390
-0.000375
-0.000375
-0.000365
-0.000370
-0.000385
-0.000395
-0.000385
-0.000385
-0.000370
-0.000365
-0.000370
-0.000375
-0.000350
-0.000335
-0.000320
-0.000315
-0.000320
-0.000325
-0.000315
-0.000295
-0.000285
-0.000300
-0.000295
-0.000285
-0.000285
-0.000280
-0.000270
-0.000280
-0.000290
-0.000295
-0.000295
-0.000290
-0.000280
-0.000290
-0.000295
-0.000310
-0.000295
-0.000285
-0.000280
-0.000275
-0.000295
-0.000305
-0.000300
-0.000295
-0.000295
-0.000285
-0.000300
-0.000305
-0.000300
-0.000295
-0.000300
-0.000305
-0.000315
-0.000310
-0.000315
-0.000295
-0.000300
-0.000310
-0.000330
-0.000340
-0.000330
-0.000320
-0.000320
-0.000315
-0.000325
-0.000335
-0.000330
-0.000315
-0.000320
-0.000320
-0.000330
-0.000345
-0.000340
-0.000335
-0.000330
-0.000335
-0.000345
-0.000350
-0.000345
-0.000340
-0.000335
-0.000335
-0.000330
-0.000335
-0.000340
-0.000335
-0.000320
-0.000340
-0.000340
-0.000350
-0.000365
-0.000360
-0.000345
-0.000345
-0.000350
-0.000350
-0.000350
-0.000340
-0.000340
-0.000345
-0.000345
-0.000380
-0.000360
-0.000360
-0.000345
-0.000345
-0.000350
-0.000355
-0.000345
-0.000330
-0.000330
-0.000335
-0.000335
-0.000340
-0.000330
-0.000320
-0.000290
-0.000290
-0.000300
-0.000305
-0.000285
-0.000280
-0.000275
-0.000280
-0.000275
-0.000270
-0.000265
-0.000250
-0.000230
-0.000245
-0.000240
-0.000255
-0.000255
-0.000245
-0.000235
-0.000255
-0.000265
-0.000260
-0.000255
-0.000270
-0.000265
-0.000280
-0.000255
-0.000250
-0.000245
-0.000265
-0.000280
-0.000300
-0.000315
-0.000325
-0.000335
-0.000345
-0.000330
-0.000335
-0.000345
-0.000360
-0.000350
-0.000340
-0.000335
-0.000345
-0.000360
-0.000365
-0.000375
-0.000370
-0.000365
-0.000365
-0.000380
-0.000375
-0.000375
-0.000365
-0.000370
-0.000360
-0.000370
-0.000380
-0.000365
-0.000360
-0.000350
-0.000355
-0.000370
-0.000385
-0.000395
-0.000430
-0.000445
-0.000485
-0.000515
-0.000565
-0.000555
-0.000475
-0.000355
-0.000220
-0.000055
0.000185
0.000475
0.000705
0.000820
0.000780
0.000535
0.000145
-0.000200
-0.000420
-0.000500
-0.000480
-0.000450
-0.000410
-0.000400
-0.000390
-0.000390
-0.000400
-0.000405
-0.000425
-0.000425
-0.000405
-0.000395
-0.000405
-0.000405
-0.000415
-0.000405
-0.000385
-0.000390
-0.000395
-0.000395
-0.000395
-0.000395
-0.000385
-0.000390
-0.000390
-0.000400
-0.000425
-0.000410
-0.000400
-0.000395
-0.000400
-0.000405
-0.000425
-0.000415
-0.000405
-0.000405
-0.000405
-0.000410
-0.000415
-0.000405
-0.000420
-0.000405
-0.000410
-0.000410
-0.000420
-0.000415
-0.000405
-0.000395
-0.000395
-0.000395
-0.000400
-0.000395
-0.000395
-0.000405
-0.000405
-0.000420
-0.000435
-0.000415
-0.000405
-0.000395
-0.000390
-0.000415
-0.000405
-0.000405
-0.000400
-0.000395
-0.000395
-0.000405
-0.000420
-0.000415
-0.000400
-0.000395
-0.000400
-0.000405
-0.000425
-0.000425
-0.000425
-0.000420
-0.000425
-0.000450
-0.000445
-0.000450
-0.000435
-0.000445
-0.000470
-0.000455
-0.000460
-0.000440
-0.000435
-0.000425
-0.000430
-0.000445
-0.000450
-0.000445
-0.000430
-0.000420
-0.000410
-0.000425
-0.000420
-0.000405
-0.000380
-0.000370
-0.000365
-0.000365
-0.000365
-0.000345
-0.000330
-0.000315
-0.000305
-0.000305
-0.000320
-0.000310
-0.000310
-0.000305
-0.000310
-0.000315
-0.000320
-0.000315
-0.000305
-0.000305
-0.000295
-0.000310
-0.000320
-0.000310
-0.000315
-0.000295
-0.000300
-0.000305
-0.000300
-0.000285
-0.000280
-0.000290
-0.000295
-0.000305
-0.000325
-0.000305
-0.000300
-0.000300
-0.000315
-0.000325
-0.000335
-0.000325
-0.000315
-0.000320
-0.000335
-0.000330
-0.000340
-0.000325
-0.000325
-0.000320
-0.000315
-0.000335
-0.000335
-0.000345
-0.000335
-0.000325
-0.000330
-0.000315
-0.000335
-0.000330
-0.000330
-0.000330
-0.000330
-0.000335
-0.000340
-0.000330
-0.000320
-0.000315
-0.000325
-0.000335
-0.000355
-0.000345
-0.000340
-0.000335
-0.000320
-0.000325
-0.000350
-0.000330
-0.000315
-0.000315
-0.000330
-0.000330
-0.000335
-0.000335
-0.000330
-0.000330
-0.000330
-0.000340
-0.000340
-0.000340
-0.000325
-0.000325
-0.000325
-0.000345
-0.000350
-0.000340
-0.000330
-0.000320
-0.000310
-0.000305
-0.000305
-0.000275
-0.000270
-0.000255
-0.000260
-0.000265
-0.000260
-0.000250
-0.000235
-0.000235
-0.000220
-0.000235
-0.000235
-0.000220
-0.000230
-0.000225
-0.000235
-0.000245
-0.000255
-0.000240
-0.000230
-0.000230
-0.000250
-0.000255
-0.000250
-0.000230
-0.000205
-0.000195
-0.000210
-0.000230
-0.000270
-0.000270
-0.000285
-0.000285
-0.000310
-0.000330
-0.000340
-0.000340
-0.000345
-0.000350
-0.000350
-0.000340
-0.000355
-0.000345
-0.000340
-0.000340
-0.000345
-0.000355
-0.000370
-0.000355
-0.000370
-0.000345
-0.000340
-0.000360
-0.000380
-0.000360
-0.000345
-0.000350
-0.000350
-0.000355
-0.000380
-0.000390
-0.000395
-0.000425
-0.000455
-0.000475
-0.000510
-0.000545
-0.000540
-0.000495
-0.000405
-0.000295
-0.000160
0.000040
0.000315
0.000595
0.000800
0.000885
0.000795
0.000520
0.000130
-0.000215
-0.000425
-0.000500
-0.000490
-0.000450
-0.000400
-0.000390
-0.000395
-0.000395
-0.000400
-0.000390
-0.000380
-0.000385
-0.000385
-0.000400
-0.000410
-0.000410
-0.000390
-0.000390
-0.000405
-0.000405
-0.000415
-0.000410
-0.000395
-0.000395
-0.000400
-0.000415
-0.000415
-0.000415
-0.000400
-0.000390
-0.000390
-0.000410
-0.000415
-0.000405
-0.000395
-0.000395
-0.000395
-0.000405
-0.000410
-0.000410
-0.000400
-0.000390
-0.000395
-0.000410
-0.000425
-0.000415
-0.000405
-0.000410
-0.000405
-0.000415
-0.000425
-0.000425
-0.000410
-0.000395
-0.000390
-0.000400
-0.000410
-0.000410
-0.000400
-0.000390
-0.000410
-0.000420
-0.000420
-0.000415
-0.000415
-0.000405
-0.000420
-0.000415
-0.000425
-0.000410
-0.000400
-0.000405
-0.000400
-0.000400
-0.000410
-0.000400
-0.000395
-0.000395
-0.000405
-0.000410
-0.000425
-0.000425
-0.000410
-0.000410
-0.000420
-0.000430
-0.000445
-0.000440
-0.000435
-0.000430
-0.000430
-0.000450
-0.000445
-0.000445
-0.000435
-0.000435
-0.000445
-0.000440
-0.000450
-0.000430
-0.000430
-0.000415
-0.000400
-0.000400
-0.000385
-0.000365
-0.000335
-0.000330
-0.000325
-0.000330
-0.000330
-0.000310
-0.000295
-0.000285
-0.000290
-0.000290
-0.000310
-0.000295
-0.000285
-0.000280
-0.000300
-0.000290
-0.000295
-0.000290
-0.000280
-0.000275
-0.000275
-0.000290
-0.000290
-0.000285
-0.000270
-0.000270
-0.000270
-0.000275
-0.000290
-0.000285
-0.000275
-0.000275
-0.000290
-0.000295
-0.000305
-0.000295
-0.000295
-0.000285
-0.000290
-0.000300
-0.000305
-0.000310
-0.000295
-0.000300
-0.000305
-0.000310
-0.000325
-0.000325
-0.000315
-0.000310
-0.000315
-0.000315
-0.000325
-0.000320
-0.000310
-0.000320
-0.000315
-0.000330
-0.000330
-0.000320
-0.000310
-0.000310
-0.000310
-0.000330
-0.000335
-0.000330
-0.000320
-0.000325
-0.000325
-0.000330
-0.000335
-0.000330
-0.000325
-0.000325
-0.000320
-0.000325
-0.000330
-0.000325
-0.000315
-0.000305
-0.000325
-0.000315
-0.000335
-0.000330
-0.000310
-0.000320
-0.000330
-0.000330
-0.000335
-0.000330
-0.000330
-0.000320
-0.000320
-0.000330
-0.000330
-0.000325
-0.000315
-0.000315
-0.000315
-0.000330
-0.000330
-0.000320
-0.000315
-0.000305
-0.000305
-0.000295
-0.000315
-0.000300
-0.000275
-0.000255
-0.000255
-0.000260
-0.000265
-0.000255
-0.000235
-0.000230
-0.000225
-0.000220
-0.000220
-0.000215
-0.000200
-0.000205
-0.000205
-0.000225
-0.000235
-0.000240
-0.000230
-0.000215
-0.000240
-0.000240
-0.000250
-0.000235
-0.000210
-0.000200
-0.000220
-0.000255
-0.000275
-0.000285
-0.000300
-0.000305
-0.000320
-0.000330
-0.000325
-0.000320
-0.000330
-0.000330
-0.000335
-0.000340
-0.000345
-0.000340
-0.000335
-0.000320
-0.000325
-0.000335
-0.000345
-0.000345
-0.000345
-0.000335
-0.000340
-0.000345
-0.000355
-0.000340
-0.000340
-0.000340
-0.000340
-0.000345
-0.000355
-0.000365
-0.000370
-0.000405
-0.000445
-0.000480
-0.000495
-0.000520
-0.000535
-0.000505
-0.000415
-0.000280
-0.000135
0.000065
0.000300
0.000580
0.000810
0.000945
0.000920
0.000775
0.000445
0.000020
-0.000295
-0.000445
-0.000470
-0.000425
-0.000380
-0.000360
-0.000360
-0.000370
-0.000380
-0.000380
-0.000375
-0.000370
-0.000365
-0.000370
-0.000385
-0.000385
-0.000375
-0.000370
-0.000370
-0.000385
-0.000395
-0.000385
-0.000385
-0.000390
-0.000385
-0.000395
-0.000410
-0.000400
-0.000395
-0.000380
-0.000395
-0.000395
-0.000400
-0.000400
-0.000395
-0.000390
-0.000390
-0.000395
-0.000405
-0.000390
-0.000385
-0.000375
-0.000375
-0.000380
-0.000390
-0.000385
-0.000370
-0.000370
-0.000370
-0.000375
-0.000385
-0.000370
-0.000390
-0.000375
-0.000370
-0.000380
-0.000390
-0.000390
-0.000385
-0.000375
-0.000375
-0.000385
-0.000395
-0.000390
-0.000385
-0.000375
-0.000380
-0.000385
-0.000390
-0.000380
-0.000380
-0.000370
-0.000370
-0.000365
-0.000390
-0.000365
-0.000365
-0.000360
-0.000375
-0.000380
-0.000400
-0.000390
-0.000375
-0.000375
-0.000370
-0.000385
-0.000390
-0.000390
-0.000390
-0.000390
-0.000375
-0.000385
-0.000395
-0.000380
-0.000370
-0.000375
-0.000375
-0.000390
-0.000405
-0.000375
-0.000370
-0.000360
-0.000375
-0.000385
-0.000380
-0.000370
-0.000360
-0.000345
-0.000345
-0.000330
-0.000330
-0.000315
-0.000310
-0.000295
-0.000285
-0.000285
-0.000295
-0.000280
-0.000270
-0.000280
-0.000280
-0.000280
-0.000290
-0.000290
-0.000280
-0.000275
-0.000280
-0.000285
-0.000290
-0.000290
-0.000280
-0.000280
-0.000285
-0.000290
-0.000300
-0.000295
-0.000285
-0.000280
-0.000285
-0.000285
-0.000295
-0.000285
-0.000280
-0.000275
-0.000280
-0.000290
-0.000310
-0.000305
-0.000285
-0.000270
-0.000270
-0.000275
-0.000285
-0.000285
-0.000270
-0.000265
-0.000265
-0.000265
-0.000280
-0.000265
-0.000245
-0.000235
-0.000235
-0.000250
-0.000250
-0.000245
-0.000215
-0.000220
-0.000245
-0.000255
-0.000230
-0.000205
-0.000210
-0.000220
-0.000230
-0.000240
-0.000240
-0.000245
-0.000250
-0.000270
-0.000285
-0.000315
-0.000320
-0.000320
-0.000310
-0.000330
-0.000340
-0.000345
-0.000360
-0.000365
-0.000360
-0.000350
-0.000355
-0.000375
-0.000385
-0.000375
-0.000370
-0.000365
-0.000365
-0.000370
-0.000380
-0.000360
-0.000350
-0.000355
-0.000355
-0.000350
-0.000365
-0.000350
-0.000350
-0.000340
-0.000355
-0.000350
-0.000375
-0.000365
-0.000375
-0.000400
-0.000430
-0.000475
-0.000520
-0.000520
-0.000550
-0.000570
-0.000540
-0.000445
-0.000305
-0.000140
0.000025
0.000260
0.000510
0.000735
0.000845
0.000875
0.000735
0.000400
-0.000025
-0.000335
-0.000480
-0.000470
-0.000415
-0.000375
-0.000365
-0.000385
-0.000400
-0.000380
-0.000390
-0.000375
-0.000385
-0.000395
-0.000405
-0.000390
-0.000380
-0.000385
-0.000385
-0.000395
-0.000400
-0.000405
-0.000400
-0.000390
-0.000390
-0.000395
-0.000400
-0.000390
-0.000385
-0.000390
-0.000385
-0.000410
-0.000420
-0.000405
-0.000410
-0.000390
-0.000390
-0.000390
-0.000400
-0.000400
-0.000390
-0.000375
-0.000380
-0.000395
-0.000400
-0.000390
-0.000400
-0.000390
-0.000395
-0.000410
-0.000415
-0.000405
-0.000385
-0.000385
-0.000380
-0.000400
-0.000400
-0.000395
-0.000390
-0.000380
-0.000375
-0.000395
-0.000395
-0.000385
-0.000380
-0.000375
-0.000385
-0.000390
-0.000400
-0.000400
-0.000385
-0.000380
-0.000395
-0.000390
-0.000400
-0.000395
-0.000385
-0.000380
-0.000385
-0.000395
-0.000405
-0.000400
-0.000390
-0.000380
-0.000380
-0.000385
-0.000405
-0.000395
-0.000400
-0.000390
-0.000400
-0.000405
-0.000425
-0.000420
-0.000405
-0.000400
-0.000405
-0.000405
-0.000415
-0.000400
-0.000390
-0.000380
-0.000385
-0.000395
-0.000405
-0.000390
-0.000370
-0.000370
-0.000370
-0.000385
-0.000370
-0.000355
-0.000345
-0.000340
-0.000335
-0.000340
-0.000355
-0.000335
-0.000325
-0.000310
-0.000305
-0.000305
-0.000320
-0.000315
-0.000310
-0.000305
-0.000305
-0.000330
-0.000325
-0.000345
-0.000325
-0.000315
-0.000315
-0.000305
-0.000310
-0.000310
-0.000300
-0.000305
-0.000305
-0.000315
-0.000320
-0.000325
-0.000315
-0.000305
-0.000315
-0.000325
-0.000325
-0.000330
-0.000315
-0.000315
-0.000310
-0.000330
-0.000340
-0.000335
-0.000330
-0.000345
-0.000355
-0.000365
-0.000370
-0.000345
-0.000340
-0.000340
-0.000345
-0.000360
-0.000365
-0.000360
-0.000360
-0.000345
-0.000355
-0.000365
-0.000350
-0.000360
-0.000350
-0.000340
-0.000345
-0.000355
-0.000370
-0.000350
-0.000350
-0.000350
-0.000345
-0.000350
-0.000355
-0.000360
-0.000345
-0.000355
-0.000350
-0.000360
-0.000370
-0.000355
-0.000355
-0.000350
-0.000355
-0.000360
-0.000390
-0.000385
-0.000360
-0.000360
-0.000370
-0.000370
-0.000390
-0.000375
-0.000370
-0.000350
-0.000340
-0.000345
-0.000360
-0.000360
-0.000350
-0.000350
-0.000335
-0.000360
-0.000365
-0.000365
-0.000360
-0.000360
-0.000365
-0.000375
-0.000385
-0.000385
-0.000365
-0.000370
-0.000375
-0.000370
-0.000375
-0.000365
-0.000355
-0.000355
-0.000360
-0.000365
-0.000370
-0.000360
-0.000350
-0.000340
-0.000345
-0.000340
-0.000350
-0.000345
-0.000350
-0.000360
-0.000350
-0.000360
-0.000370
-0.000360
-0.000360
-0.000355
-0.000360
-0.000375
-0.000375
-0.000370
-0.000350
-0.000355
-0.000360
-0.000365
-0.000375
-0.000370
-0.000365
-0.000360
-0.000355
-0.000360
-0.000360
-0.000350
-0.000340
-0.000345
-0.000345
-0.000355
-0.000360
-0.000360
-0.000365
-0.000345
-0.000355
-0.000350
-0.000360
-0.000355
-0.000360
-0.000345
-0.000335
-0.000330
-0.000330
-0.000310
-0.000305
-0.000300
-0.000305
-0.000295
-0.000305
-0.000285
-0.000275
-0.000265
-0.000255
-0.000255
-0.000260
-0.000265
-0.000255
-0.000255
-0.000260
-0.000280
-0.000290
-0.000280
-0.000270
-0.000255
-0.000275
-0.000290
-0.000320
-0.000300
-0.000295
-0.000270
-0.000265
-0.000270
-0.000285
-0.000300
-0.000310
-0.000315
-0.000320
-0.000350
-0.000370
-0.000365
-0.000365
-0.000365
-0.000370
-0.000370
-0.000370
-0.000380
-0.000360
-0.000375
-0.000375
-0.000400
-0.000420
-0.000405
-0.000400
-0.000385
-0.000380
-0.000400
-0.000415
-0.000405
-0.000395
-0.000395
-0.000395
-0.000410
-0.000430
-0.000440
-0.000455
-0.000490
-0.000485
-0.000520
-0.000570
-0.000575
-0.000525
-0.000420
-0.000305
-0.000190
-0.000020
0.000220
0.000485
0.000715
0.000845
0.000885
0.000790
0.000560
0.000225
-0.000070
-0.000285
-0.000425
-0.000500
-0.000550
-0.000535
-0.000500
-0.000465
-0.000450
-0.000450
-0.000435
-0.000420
-0.000410
-0.000410
-0.000415
-0.000420
-0.000425
-0.000420
-0.000430
-0.000430
-0.000440
-0.000450
-0.000450
-0.000430
-0.000430
-0.000430
-0.000445
-0.000445
-0.000440
-0.000425
-0.000430
-0.000430
-0.000425
-0.000445
-0.000445
-0.000430
-0.000435
-0.000435
-0.000445
-0.000445
-0.000435
-0.000430
-0.000425
-0.000430
-0.000430
-0.000440
-0.000420
-0.000430
-0.000425
-0.000430
-0.000440
-0.000440
-0.000430
-0.000430
-0.000415
-0.000425
-0.000430
-0.000455
-0.000445
-0.000445
-0.000430
-0.000430
-0.000440
-0.000440
-0.000435
-0.000430
-0.000415
-0.000415
-0.000425
-0.000425
-0.000420
-0.000405
-0.000405
-0.000415
-0.000415
-0.000425
-0.000430
-0.000405
-0.000405
-0.000405
-0.000405
-0.000430
-0.000415
-0.000410
-0.000415
-0.000430
-0.000445
-0.000465
-0.000460
-0.000450
-0.000455
-0.000460
-0.000465
-0.000485
-0.000495
-0.000475
-0.000490
-0.000500
-0.000495
-0.000515
-0.000500
-0.000485
-0.000490
-0.000485
-0.000500
-0.000500
-0.000490
-0.000480
-0.000460
-0.000460
-0.000470
-0.000465
-0.000440
-0.000430
-0.000425
-0.000410
-0.000410
-0.000400
-0.000390
-0.000380
-0.000355
-0.000350
-0.000355
-0.000350
-0.000340
-0.000330
-0.000325
-0.000305
-0.000320
-0.000315
-0.000305
-0.000300
-0.000305
-0.000305
-0.000310
-0.000330
-0.000310
-0.000315
-0.000315
-0.000320
-0.000325
-0.000325
-0.000325
-0.000310
-0.000310
-0.000315
-0.000325
-0.000330
-0.000325
-0.000325
-0.000315
-0.000320
-0.000330
-0.000335
-0.000330
-0.000315
-0.000320
-0.000320
-0.000335
-0.000335
-0.000325
-0.000325
-0.000320
-0.000320
-0.000325
-0.000350
-0.000345
-0.000345
-0.000335
-0.000345
-0.000355
-0.000355
-0.000355
-0.000345
-0.000335
-0.000335
-0.000345
-0.000355
-0.000340
-0.000335
-0.000330
-0.000335
-0.000345
-0.000350
-0.000350
-0.000340
-0.000335
-0.000330
-0.000360
-0.000355
-0.000345
-0.000335
-0.000345
-0.000350
-0.000360
-0.000380
-0.000370
-0.000345
-0.000345
-0.000350
-0.000355
-0.000365
-0.000360
-0.000345
-0.000345
-0.000350
-0.000360
-0.000360
-0.000350
-0.000355
-0.000340
-0.000345
-0.000355
-0.000355
-0.000355
-0.000340
-0.000340
-0.000345
-0.000365
-0.000370
-0.000350
-0.000330
-0.000320
-0.000315
-0.000295
-0.000305
-0.000295
-0.000300
-0.000285
-0.000275
-0.000260
-0.000275
-0.000265
-0.000260
-0.000250
-0.000245
-0.000255
-0.000265
-0.000260
-0.000260
-0.000250
-0.000260
-0.000280
-0.000280
-0.000275
-0.000285
-0.000280
-0.000255
-0.000245
-0.000245
-0.000260
-0.000285
-0.000290
-0.000300
-0.000320
-0.000335
-0.000355
-0.000350
-0.000355
-0.000355
-0.000375
-0.000385
-0.000380
-0.000360
-0.000350
-0.000360
-0.000365
-0.000370
-0.000370
-0.000365
-0.000360
-0.000365
-0.000370
-0.000385
-0.000385
-0.000365
-0.000360
-0.000380
-0.000385
-0.000395
-0.000395
-0.000385
-0.000380
-0.000395
-0.000425
-0.000465
-0.000500
-0.000515
-0.000530
-0.000560
-0.000585
-0.000530
-0.000410
-0.000255
-0.000105
0.000105
0.000355
0.000600
0.000810
0.000890
0.000830
0.000580
0.000185
-0.000205
-0.000450
-0.000525
-0.000495
-0.000465
-0.000435
-0.000415
-0.000415
-0.000415
-0.000400
-0.000395
-0.000405
-0.000425
-0.000435
-0.000415
-0.000415
-0.000415
-0.000415
-0.000430
-0.000420
-0.000410
-0.000405
-0.000420
-0.000410
-0.000420
-0.000400
-0.000395
-0.000385
-0.000400
-0.000400
-0.000400
-0.000400
-0.000395
-0.000400
-0.000400
-0.000400
-0.000410
-0.000395
-0.000410
-0.000400
-0.000395
-0.000405
-0.000410
-0.000415
-0.000405
-0.000400
-0.000395
-0.000405
-0.000415
-0.000405
-0.000415
-0.000410
-0.000405
-0.000405
-0.000410
-0.000405
-0.000400
-0.000395
-0.000405
-0.000405
-0.000400
-0.000395
-0.000390
-0.000395
-0.000390
-0.000395
-0.000420
-0.000415
-0.000405
-0.000400
-0.000400
-0.000415
-0.000420
-0.000410
-0.000395
-0.000400
-0.000405
-0.000415
-0.000435
-0.000415
-0.000415
-0.000400
-0.000405
-0.000420
-0.000430
-0.000425
-0.000410
-0.000410
-0.000405
-0.000415
-0.000425
-0.000425
-0.000420
-0.000410
-0.000410
-0.000420
-0.000430
-0.000425
-0.000420
-0.000405
-0.000415
-0.000410
-0.000410
-0.000385
-0.000370
-0.000360
-0.000350
-0.000350
-0.000350
-0.000335
-0.000320
-0.000305
-0.000315
-0.000315
-0.000320
-0.000305
-0.000305
-0.000295
-0.000290
-0.000295
-0.000295
-0.000285
-0.000285
-0.000270
-0.000280
-0.000280
-0.000295
-0.000280
-0.000285
-0.000275
-0.000285
-0.000295
-0.000305
-0.000295
-0.000285
-0.000285
-0.000290
-0.000300
-0.000310
-0.000295
-0.000300
-0.000290
-0.000285
-0.000305
-0.000310
-0.000300
-0.000295
-0.000305
-0.000300
-0.000305
-0.000320
-0.000320
-0.000310
-0.000300
-0.000310
-0.000320
-0.000340
-0.000330
-0.000310
-0.000315
-0.000325
-0.000325
-0.000345
-0.000330
-0.000320
-0.000320
-0.000335
-0.000335
-0.000355
-0.000340
-0.000320
-0.000315
-0.000330
-0.000340
-0.000340
-0.000350
-0.000330
-0.000330
-0.000340
-0.000350
-0.000355
-0.000345
-0.000335
-0.000335
-0.000340
-0.000340
-0.000345
-0.000335
-0.000335
-0.000325
-0.000325
-0.000335
-0.000340
-0.000340
-0.000320
-0.000315
-0.000320
-0.000335
-0.000335
-0.000320
-0.000325
-0.000315
-0.000320
-0.000320
-0.000345
-0.000335
-0.000320
-0.000310
-0.000320
-0.000320
-0.000340
-0.000330
-0.000320
-0.000310
-0.000310
-0.000310
-0.000295
-0.000280
-0.000255
-0.000250
-0.000250
-0.000255
-0.000260
-0.000240
-0.000220
-0.000230
-0.000230
-0.000215
-0.000220
-0.000225
-0.000230
-0.000230
-0.000235
-0.000245
-0.000255
-0.000240
-0.000235
-0.000245
-0.000235
-0.000230
-0.000220
-0.000195
-0.000220
-0.000245
-0.000260
-0.000270
-0.000290
-0.000300
-0.000305
-0.000305
-0.000320
-0.000330
-0.000350
-0.000350
-0.000335
-0.000335
-0.000335
-0.000340
-0.000350
-0.000350
-0.000345
-0.000335
-0.000345
-0.000355
-0.000370
-0.000350
-0.000345
-0.000335
-0.000335
-0.000335
-0.000355
-0.000355
-0.000345
-0.000355
-0.000395
-0.000450
-0.000480
-0.000505
-0.000525
-0.000545
-0.000500
-0.000395
-0.000255
-0.000070
0.000145
0.000425
0.000685
0.000875
0.000925
0.000795
0.000470
0.000020
-0.000325
-0.000470
-0.000485
-0.000410
-0.000365
-0.000355
-0.000365
-0.000380
-0.000385
-0.000380
-0.000370
-0.000370
-0.000375
-0.000385
-0.000395
-0.000385
-0.000380
-0.000385
-0.000375
-0.000390
-0.000405
-0.000405
-0.000390
-0.000385
-0.000385
-0.000390
-0.000410
-0.000400
-0.000390
-0.000385
-0.000385
-0.000395
-0.000390
-0.000395
-0.000380
-0.000375
-0.000380
-0.000385
-0.000400
-0.000385
-0.000380
-0.000375
-0.000380
-0.000395
-0.000395
-0.000385
-0.000375
-0.000370
-0.000365
-0.000385
-0.000395
-0.000385
-0.000385
-0.000370
-0.000375
-0.000370
-0.000375
-0.000375
-0.000370
-0.000355
-0.000365
-0.000380
-0.000375
-0.000370
-0.000380
-0.000365
-0.000370
-0.000375
-0.000390
-0.000380
-0.000375
-0.000380
-0.000370
-0.000375
-0.000380
-0.000385
-0.000385
-0.000370
-0.000375
-0.000375
-0.000380
-0.000380
-0.000380
-0.000380
-0.000375
-0.000390
-0.000395
-0.000385
-0.000385
-0.000375
-0.000375
-0.000385
-0.000385
-0.000390
-0.000370
-0.000365
-0.000365
-0.000375
-0.000385
-0.000350
-0.000345
-0.000325
-0.000325
-0.000330
-0.000325
-0.000325
-0.000315
-0.000315
-0.000315
-0.000300
-0.000300
-0.000285
-0.000270
-0.000265
-0.000260
-0.000275
-0.000285
-0.000265
-0.000255
-0.000250
-0.000270
-0.000280
-0.000285
-0.000285
-0.000280
-0.000270
-0.000270
-0.000270
-0.000285
-0.000280
-0.000275
-0.000270
-0.000265
-0.000275
-0.000290
-0.000285
-0.000285
-0.000275
-0.000270
-0.000280
-0.000295
-0.000280
-0.000270
-0.000270
-0.000275
-0.000285
-0.000300
-0.000295
-0.000290
-0.000295
-0.000300
-0.000290
-0.000305
-0.000295
-0.000290
-0.000295
-0.000290
-0.000310
-0.000320
-0.000315
-0.000315
-0.000300
-0.000305
-0.000315
-0.000330
-0.000320
-0.000305
-0.000315
-0.000305
-0.000315
-0.000325
-0.000310
-0.000295
-0.000300
-0.000305
-0.000310
-0.000325
-0.000315
-0.000315
-0.000305
-0.000305
-0.000325
-0.000320
-0.000320
-0.000310
-0.000305
-0.000320
-0.000320
-0.000320
-0.000310
-0.000305
-0.000290
-0.000285
-0.000290
-0.000305
-0.000310
-0.000300
-0.000300
-0.000310
-0.000315
-0.000315
-0.000310
-0.000295
-0.000300
-0.000295
-0.000315
-0.000310
-0.000290
-0.000265
-0.000240
-0.000255
-0.000240
-0.000250
-0.000225
-0.000225
-0.000215
-0.000210
-0.000200
-0.000195
-0.000195
-0.000180
-0.000175
-0.000180
-0.000205
-0.000215
-0.000210
-0.000210
-0.000210
-0.000210
-0.000215
-0.000225
-0.000210
-0.000180
-0.000170
-0.000185
-0.000240
-0.000255
-0.000255
-0.000270
-0.000275
-0.000285
-0.000300
-0.000300
-0.000315
-0.000305
-0.000300
-0.000295
-0.000300
-0.000315
-0.000310
-0.000310
-0.000300
-0.000300
-0.000305
-0.000315
-0.000325
-0.000320
-0.000320
-0.000320
-0.000325
-0.000340
-0.000335
-0.000325
-0.000315
-0.000320
-0.000345
-0.000370
-0.000395
-0.000425
-0.000445
-0.000465
-0.000510
-0.000530
-0.000485
-0.000370
-0.000235
-0.000090
0.000105
0.000375
0.000655
0.000820
0.000865
0.000735
0.000450
0.000060
-0.000270
-0.000430
-0.000460
-0.000415
-0.000385
-0.000365
-0.000355
-0.000355
-0.000345
-0.000350
-0.000350
-0.000360
-0.000345
-0.000340
-0.000340
-0.000335
-0.000335
-0.000355
-0.000345
-0.000340
-0.000335
-0.000340
-0.000350
-0.000365
-0.000360
-0.000365
-0.000350
-0.000345
-0.000365
-0.000360
-0.000350
-0.000355
-0.000350
-0.000355
-0.000350
-0.000360
-0.000335
-0.000335
-0.000330
-0.000340
-0.000350
-0.000350
-0.000345
-0.000335
-0.000345
-0.000355
-0.000355
-0.000370
-0.000355
-0.000350
-0.000345
-0.000365
-0.000365
-0.000370
-0.000365
-0.000355
-0.000345
-0.000345
-0.000345
-0.000340
-0.000335
-0.000325
-0.000335
-0.000345
-0.000350
-0.000350
-0.000355
-0.000355
-0.000360
-0.000350
-0.000360
-0.000365
-0.000345
-0.000345
-0.000330
-0.000350
-0.000345
-0.000355
-0.000350
-0.000340
-0.000335
-0.000350
-0.000365
-0.000380
-0.000385
-0.000355
-0.000360
-0.000355
-0.000370
-0.000385
-0.000370
-0.000370
-0.000350
-0.000345
-0.000365
-0.000365
-0.000360
-0.000345
-0.000330
-0.000330
-0.000330
-0.000335
-0.000315
-0.000310
-0.000285
-0.000290
-0.000290
-0.000300
-0.000280
-0.000275
-0.000260
-0.000260
-0.000270
-0.000265
-0.000255
-0.000250
-0.000245
-0.000245
-0.000255
-0.000265
-0.000260
-0.000255
-0.000240
-0.000250
-0.000255
-0.000275
-0.000275
-0.000265
-0.000270
-0.000275
-0.000280
-0.000290
-0.000280
-0.000275
-0.000270
-0.000270
-0.000280
-0.000290
-0.000280
-0.000285
-0.000275
-0.000290
-0.000280
-0.000290
-0.000280
-0.000285
-0.000275
-0.000280
-0.000295
-0.000305
-0.000300
-0.000300
-0.000305
-0.000315
-0.000320
-0.000310
-0.000310
-0.000300
-0.000310
-0.000310
-0.000320
-0.000325
-0.000310
-0.000320
-0.000310
-0.000310
-0.000315
-0.000325
-0.000315
-0.000305
-0.000315
-0.000310
-0.000320
-0.000325
-0.000325
-0.000320
-0.000305
-0.000305
-0.000300
-0.000315
-0.000300
-0.000310
-0.000315
-0.000305
-0.000310
-0.000320
-0.000310
-0.000300
-0.000295
-0.000300
-0.000315
-0.000325
-0.000325
-0.000305
-0.000310
-0.000290
-0.000315
-0.000325
-0.000320
-0.000290
-0.000280
-0.000260
-0.000260
-0.000265
-0.000260
-0.000250
-0.000230
-0.000220
-0.000220
-0.000235
-0.000220
-0.000205
-0.000205
-0.000210
-0.000210
-0.000230
-0.000240
-0.000230
-0.000225
-0.000235
-0.000250
-0.000265
-0.000260
-0.000245
-0.000215
-0.000215
-0.000245
-0.000280
-0.000275
-0.000275
-0.000295
-0.000310
-0.000325
-0.000340
-0.000340
-0.000325
-0.000315
-0.000310
-0.000315
-0.000330
-0.000330
-0.000325
-0.000325
-0.000335
-0.000345
-0.000350
-0.000350
-0.000350
-0.000345
-0.000350
-0.000365
-0.000360
-0.000350
-0.000355
-0.000345
-0.000345
-0.000350
-0.000365
-0.000380
-0.000405
-0.000425
-0.000440
-0.000470
-0.000520
-0.000540
-0.000490
-0.000390
-0.000260
-0.000115
0.000085
0.000360
0.000615
0.000780
0.000835
0.000720
0.000410
0.000030
-0.000255
-0.000415
-0.000470
-0.000465
-0.000435
-0.000395
-0.000375
-0.000370
-0.000375
-0.000375
-0.000390
-0.000400
-0.000380
-0.000385
-0.000385
-0.000385
-0.000385
-0.000370
-0.000370
-0.000360
-0.000380
-0.000380
-0.000385
-0.000370
-0.000370
-0.000365
-0.000375
-0.000385
-0.000390
-0.000390
-0.000385
-0.000385
-0.000395
-0.000390
-0.000400
-0.000405
-0.000390
-0.000395
-0.000390
-0.000405
-0.000405
-0.000400
-0.000375
-0.000380
-0.000390
-0.000395
-0.000395
-0.000390
-0.000390
-0.000385
-0.000405
-0.000400
-0.000405
-0.000395
-0.000390
-0.000395
-0.000390
-0.000400
-0.000405
-0.000405
-0.000390
-0.000390
-0.000395
-0.000400
-0.000400
-0.000395
-0.000380
-0.000370
-0.000380
-0.000385
-0.000395
-0.000390
-0.000380
-0.000380
-0.000385
-0.000390
-0.000390
-0.000400
-0.000400
-0.000405
-0.000415
-0.000420
-0.000430
-0.000430
-0.000425
-0.000420
-0.000430
-0.000445
-0.000465
-0.000455
-0.000440
-0.000425
-0.000435
-0.000450
-0.000440
-0.000445
-0.000425
-0.000425
-0.000425
-0.000430
-0.000430
-0.000415
-0.000415
-0.000385
-0.000375
-0.000385
-0.000370
-0.000360
-0.000350
-0.000335
-0.000335
-0.000325
-0.000320
-0.000325
-0.000305
-0.000295
-0.000300
-0.000290
-0.000295
-0.000290
-0.000290
-0.000285
-0.000285
-0.000285
-0.000290
-0.000290
-0.000285
-0.000270
-0.000270
-0.000280
-0.000290
-0.000285
-0.000275
-0.000275
-0.000275
-0.000290
-0.000305
-0.000305
-0.000300
-0.000280
-0.000290
-0.000305
-0.000315
-0.000310
-0.000295
-0.000290
-0.000300
-0.000305
-0.000305
-0.000310
-0.000300
-0.000295
-0.000305
-0.000305
-0.000315
-0.000310
-0.000310
-0.000295
-0.000300
-0.000305
-0.000310
-0.000305
-0.000305
-0.000295
-0.000300
-0.000315
-0.000325
-0.000320
-0.000320
-0.000315
-0.000310
-0.000325
-0.000335
-0.000330
-0.000320
-0.000320
-0.000310
-0.000330
-0.000330
-0.000325
-0.000310
-0.000305
-0.000305
-0.000320
-0.000330
-0.000325
-0.000300
-0.000310
-0.000305
-0.000315
-0.000330
-0.000330
-0.000330
-0.000320
-0.000325
-0.000325
-0.000335
-0.000325
-0.000315
-0.000310
-0.000315
-0.000320
-0.000325
-0.000315
-0.000310
-0.000305
-0.000310
-0.000315
-0.000320
-0.000315
-0.000310
-0.000295
-0.000295
-0.000305
-0.000310
-0.000300
-0.000280
-0.000275
-0.000265
-0.000275
-0.000275
-0.000260
-0.000240
-0.000240
-0.000235
-0.000240
-0.000235
-0.000225
-0.000215
-0.000205
-0.000205
-0.000210
-0.000215
-0.000220
-0.000220
-0.000215
-0.000220
-0.000220
-0.000230
-0.000230
-0.000240
-0.000210
-0.000220
-0.000230
-0.000255
-0.000235
-0.000210
-0.000190
-0.000205
-0.000225
-0.000260
-0.000275
-0.000280
-0.000285
-0.000305
-0.000320
-0.000315
-0.000335
-0.000325
-0.000335
-0.000320
-0.000325
-0.000320
-0.000325
-0.000325
-0.000310
-0.000305
-0.000320
-0.000320
-0.000330
-0.000320
-0.000320
-0.000330
-0.000330
-0.000360
-0.000355
-0.000330
-0.000325
-0.000325
-0.000335
-0.000350
-0.000340
-0.000345
-0.000355
-0.000385
-0.000425
-0.000450
-0.000470
-0.000485
-0.000510
-0.000515
-0.000455
-0.000325
-0.000165
0.000010
0.000250
0.000515
0.000740
0.000885
0.000935
0.000835
0.000525
0.000120
-0.000230
-0.000425
-0.000455
-0.000420
-0.000380
-0.000360
-0.000365
-0.000375
-0.000380
-0.000355
-0.000355
-0.000370
-0.000375
-0.000385
-0.000380
-0.000365
-0.000370
-0.000370
-0.000365
-0.000380
-0.000370
-0.000375
-0.000365
-0.000370
-0.000380
-0.000375
-0.000365
-0.000360
-0.000360
-0.000355
-0.000355
-0.000370
-0.000365
-0.000355
-0.000350
-0.000350
-0.000350
-0.000360
-0.000360
-0.000360
-0.000350
-0.000355
-0.000365
-0.000370
-0.000360
-0.000350
-0.000355
-0.000350
-0.000355
-0.000370
-0.000375
-0.000360
-0.000350
-0.000345
-0.000350
-0.000370
-0.000370
-0.000355
-0.000350
-0.000345
-0.000360
-0.000370
-0.000365
-0.000360
-0.000350
-0.000355
-0.000365
-0.000365
-0.000370
-0.000365
-0.000350
-0.000350
-0.000360
-0.000360
-0.000355
-0.000345
-0.000350
-0.000345
-0.000355
-0.000370
-0.000365
-0.000355
-0.000360
-0.000365
-0.000365
-0.000380
-0.000385
-0.000375
-0.000370
-0.000375
-0.000385
-0.000395
-0.000375
-0.000385
-0.000380
-0.000370
-0.000385
-0.000385
-0.000380
-0.000370
-0.000360
-0.000350
-0.000335
-0.000330
-0.000315
-0.000295
-0.000290
-0.000290
-0.000285
-0.000290
-0.000280
-0.000280
-0.000260
-0.000255
-0.000270
-0.000275
-0.000260
-0.000250
-0.000245
-0.000250
-0.000260
-0.000265
-0.000245
-0.000235
-0.000245
-0.000240
-0.000250
-0.000265
-0.000250
-0.000250
-0.000250
-0.000250
-0.000255
-0.000265
-0.000260
-0.000240
-0.000250
-0.000245
-0.000250
-0.000270
-0.000265
-0.000270
-0.000265
-0.000265
-0.000275
-0.000285
-0.000275
-0.000265
-0.000270
-0.000270
-0.000280
-0.000285
-0.000285
-0.000280
-0.000285
-0.000280
-0.000285
-0.000300
-0.000290
-0.000285
-0.000270
-0.000280
-0.000295
-0.000290
-0.000290
-0.000295
-0.000290
-0.000285
-0.000305
-0.000315
-0.000310
-0.000310
-0.000290
-0.000295
-0.000310
-0.000320
-0.000315
-0.000310
-0.000300
-0.000300
-0.000315
-0.000320
-0.000315
-0.000320
-0.000290
-0.000300
-0.000300
-0.000315
-0.000310
-0.000300
-0.000300
-0.000290
-0.000310
-0.000325
-0.000315
-0.000305
-0.000305
-0.000305
-0.000315
-0.000325
-0.000320
-0.000310
-0.000300
-0.000295
-0.000315
-0.000320
-0.000305
-0.000300
-0.000290
-0.000295
-0.000295
-0.000310
-0.000295
-0.000295
-0.000285
-0.000295
-0.000295
-0.000310
-0.000300
-0.000285
-0.000280
-0.000275
-0.000280
-0.000265
-0.000245
-0.000230
-0.000240
-0.000240
-0.000240
-0.000245
-0.000220
-0.000220
-0.000215
-0.000200
-0.000200
-0.000210
-0.000205
-0.000195
-0.000205
-0.000210
-0.000215
-0.000225
-0.000225
-0.000200
-0.000200
-0.000210
-0.000225
-0.000220
-0.000195
-0.000180
-0.000175
-0.000205
-0.000245
-0.000265
-0.000275
-0.000280
-0.000285
-0.000300
-0.000310
-0.000325
-0.000320
-0.000325
-0.000310
-0.000325
-0.000330
-0.000340
-0.000335
-0.000330
-0.000325
-0.000320
-0.000340
-0.000345
-0.000340
-0.000330
-0.000335
-0.000330
-0.000340
-0.000340
-0.000335
-0.000335
-0.000330
-0.000335
-0.000345
-0.000375
-0.000395
-0.000430
-0.000440
-0.000450
-0.000450
-0.000475
-0.000480
-0.000510
-0.000550
-0.000575
-0.000545
-0.000490
-0.000375
-0.000250
-0.000120
0.000060
0.000285
0.000525
0.000740
0.000860
0.000890
0.000730
0.000425
0.000015
-0.000285
-0.000435
-0.000450
-0.000435
-0.000385
-0.000380
-0.000370
-0.000370
-0.000370
-0.000360
-0.000360
-0.000370
-0.000385
-0.000365
-0.000360
-0.000365
-0.000365
-0.000375
-0.000385
-0.000360
-0.000365
-0.000355
-0.000375
-0.000380
-0.000375
-0.000355
-0.000355
-0.000360
-0.000365
-0.000380
-0.000370
-0.000355
-0.000350
-0.000355
-0.000365
-0.000380
-0.000365
-0.000355
-0.000355
-0.000365
-0.000385
-0.000390
-0.000375
-0.000355
-0.000365
-0.000360
-0.000355
-0.000365
-0.000365
-0.000355
-0.000345
-0.000345
-0.000365
-0.000360
-0.000375
-0.000355
-0.000360
-0.000365
-0.000365
-0.000370
-0.000360
-0.000355
-0.000360
-0.000365
-0.000385
-0.000380
-0.000365
-0.000355
-0.000335
-0.000360
-0.000360
-0.000385
-0.000380
-0.000375
-0.000360
-0.000360
-0.000365
-0.000375
-0.000365
-0.000355
-0.000360
-0.000350
-0.000360
-0.000370
-0.000370
-0.000365
-0.000370
-0.000380
-0.000390
-0.000385
-0.000380
-0.000370
-0.000370
-0.000365
-0.000365
-0.000390
-0.000375
-0.000370
-0.000355
-0.000365
-0.000360
-0.000370
-0.000350
-0.000340
-0.000325
-0.000320
-0.000315
-0.000325
-0.000310
-0.000295
-0.000285
-0.000290
-0.000290
-0.000275
-0.000270
-0.000265
-0.000260
-0.000260
-0.000275
-0.000275
-0.000285
-0.000260
-0.000260
-0.000265
-0.000270
-0.000280
-0.000275
-0.000255
-0.000255
-0.000245
-0.000255
-0.000260
-0.000255
-0.000255
-0.000260
-0.000265
-0.000280
-0.000295
-0.000290
-0.000275
-0.000280
-0.000280
-0.000280
-0.000285
-0.000285
-0.000280
-0.000270
-0.000285
-0.000300
-0.000310
-0.000300
-0.000290
-0.000280
-0.000300
-0.000290
-0.000310
-0.000300
-0.000295
-0.000290
-0.000285
-0.000295
-0.000325
-0.000315
-0.000310
-0.000305
-0.000300
-0.000315
-0.000330
-0.000320
-0.000320
-0.000315
-0.000320
-0.000325
-0.000335
-0.000330
-0.000325
-0.000310
-0.000315
-0.000315
-0.000335
-0.000320
-0.000310
-0.000315
-0.000310
-0.000320
-0.000335
-0.000325
-0.000325
-0.000315
-0.000310
-0.000320
-0.000330
-0.000320
-0.000320
-0.000310
-0.000330
-0.000330
-0.000345
-0.000340
-0.000330
-0.000320
-0.000315
-0.000335
-0.000335
-0.000330
-0.000310
-0.000310
-0.000315
-0.000330
-0.000320
-0.000315
-0.000300
-0.000285
-0.000280
-0.000265
-0.000260
-0.000265
-0.000260
-0.000255
-0.000260
-0.000250
-0.000255
-0.000240
-0.000230
-0.000205
-0.000210
-0.000225
-0.000235
-0.000225
-0.000225
-0.000230
-0.000225
-0.000240
-0.000240
-0.000230
-0.000235
-0.000250
-0.000250
-0.000255
-0.000235
-0.000220
-0.000205
-0.000215
-0.000240
-0.000265
-0.000280
-0.000280
-0.000270
-0.000270
-0.000290
-0.000320
-0.000335
-0.000340
-0.000330
-0.000330
-0.000335
-0.000350
-0.000360
-0.000350
-0.000350
-0.000345
-0.000350
-0.000355
-0.000365
-0.000360
-0.000355
-0.000350
-0.000340
-0.000360
-0.000370
-0.000370
-0.000355
-0.000345
-0.000350
-0.000370
-0.000385
-0.000410
-0.000440
-0.000460
-0.000490
-0.000540
-0.000565
-0.000550
-0.000485
-0.000365
-0.000255
-0.000125
0.000090
0.000360
0.000600
0.000750
0.000795
0.000700
0.000440
0.000095
-0.000185
-0.000370
-0.000470
-0.000490
-0.000470
-0.000440
-0.000425
-0.000410
-0.000410
-0.000410
-0.000420
-0.000400
-0.000395
-0.000405
-0.000410
-0.000405
-0.000420
-0.000395
-0.000395
-0.000390
-0.000395
-0.000395
-0.000410
-0.000400
-0.000400
-0.000410
-0.000400
-0.000405
-0.000410
-0.000410
-0.000400
-0.000390
-0.000390
-0.000400
-0.000400
-0.000395
-0.000390
-0.000385
-0.000390
-0.000410
-0.000410
-0.000410
-0.000415
-0.000410
-0.000405
-0.000420
-0.000420
-0.000420
-0.000415
-0.000410
-0.000415
-0.000425
-0.000425
-0.000420
-0.000425
-0.000420
-0.000410
-0.000410
-0.000415
-0.000410
-0.000410
-0.000400
-0.000405
-0.000405
-0.000425
-0.000420
-0.000410
-0.000400
-0.000405
-0.000415
-0.000420
-0.000410
-0.000410
-0.000400
-0.000410
-0.000415
-0.000420
-0.000410
-0.000400
-0.000390
-0.000400
-0.000415
-0.000420
-0.000415
-0.000415
-0.000400
-0.000415
-0.000430
-0.000450
-0.000440
-0.000440
-0.000435
-0.000435
-0.000440
-0.000450
-0.000435
-0.000440
-0.000430
-0.000440
-0.000445
-0.000445
-0.000440
-0.000435
-0.000420
-0.000415
-0.000410
-0.000405
-0.000380
-0.000375
-0.000370
-0.000370
-0.000370
-0.000360
-0.000355
-0.000325
-0.000305
-0.000310
-0.000320
-0.000325
-0.000325
-0.000315
-0.000300
-0.000305
-0.000320
-0.000330
-0.000330
-0.000310
-0.000310
-0.000310
-0.000305
-0.000310
-0.000320
-0.000305
-0.000300
-0.000300
-0.000305
-0.000320
-0.000320
-0.000315
-0.000315
-0.000310
-0.000330
-0.000335
-0.000335
-0.000320
-0.000315
-0.000315
-0.000325
-0.000330
-0.000335
-0.000320
-0.000300
-0.000300
-0.000320
-0.000320
-0.000330
-0.000320
-0.000320
-0.000325
-0.000340
-0.000355
-0.000345
-0.000350
-0.000345
-0.000345
-0.000360
-0.000360
-0.000345
-0.000340
-0.000340
-0.000355
-0.000350
-0.000350
-0.000355
-0.000340
-0.000335
-0.000340
-0.000350
-0.000355
-0.000355
-0.000355
-0.000345
-0.000345
-0.000350
-0.000360
-0.000365
-0.000365
-0.000350
-0.000350
-0.000360
-0.000370
-0.000360
-0.000350
-0.000335
-0.000350
-0.000350
-0.000345
-0.000340
-0.000340
-0.000340
-0.000340
-0.000345
-0.000350
-0.000360
-0.000350
-0.000335
-0.000345
-0.000350
-0.000350
-0.000355
-0.000340
-0.000335
-0.000330
-0.000340
-0.000355
-0.000355
-0.000330
-0.000315
-0.000315
-0.000315
-0.000320
-0.000300
-0.000300
-0.000280
-0.000265
-0.000280
-0.000285
-0.000265
-0.000235
-0.000230
-0.000230
-0.000245
-0.000255
-0.000250
-0.000245
-0.000250
-0.000255
-0.000265
-0.000270
-0.000290
-0.000280
-0.000275
-0.000260
-0.000255
-0.000260
-0.000275
-0.000295
-0.000300
-0.000305
-0.000335
-0.000355
-0.000350
-0.000350
-0.000350
-0.000355
-0.000370
-0.000370
-0.000360
-0.000365
-0.000355
-0.000365
-0.000375
-0.000385
-0.000380
-0.000375
-0.000355
-0.000370
-0.000385
-0.000390
-0.000390
-0.000370
-0.000360
-0.000370
-0.000380
-0.000385
-0.000380
-0.000375
-0.000370
-0.000380
-0.000405
-0.000445
-0.000465
-0.000480
-0.000485
-0.000525
-0.000555
-0.000535
-0.000450
-0.000325
-0.000185
-0.000025
0.000185
0.000430
0.000660
0.000815
0.000850
0.000750
0.000485
0.000110
-0.000210
-0.000390
-0.000460
-0.000485
-0.000470
-0.000450
-0.000425
-0.000415
-0.000405
-0.000415
-0.000415
-0.000420
-0.000400
-0.000395
-0.000385
-0.000395
-0.000400
-0.000420
-0.000410
-0.000400
-0.000400
-0.000405
-0.000405
-0.000435
-0.000420
-0.000410
-0.000405
-0.000415
-0.000430
-0.000440
-0.000435
-0.000415
-0.000420
-0.000430
-0.000415
-0.000430
-0.000425
-0.000420
-0.000420
-0.000415
-0.000425
-0.000425
-0.000420
-0.000410
-0.000410
-0.000410
-0.000420
-0.000430
-0.000420
-0.000415
-0.000395
-0.000405
-0.000415
-0.000430
-0.000420
-0.000420
-0.000415
-0.000420
-0.000425
-0.000440
-0.000430
-0.000425
-0.000415
-0.000420
-0.000425
-0.000440
-0.000430
-0.000430
-0.000425
-0.000420
-0.000415
-0.000425
-0.000430
-0.000425
-0.000415
-0.000405
-0.000405
-0.000425
-0.000415
-0.000420
-0.000420
-0.000420
-0.000435
-0.000435
-0.000440
-0.000420
-0.000430
-0.000450
-0.000455
-0.000465
-0.000465
-0.000465
-0.000465
-0.000465
-0.000470
-0.000490
-0.000485
-0.000460
-0.000455
-0.000460
-0.000455
-0.000455
-0.000440
-0.000425
-0.000415
-0.000400
-0.000405
-0.000400
-0.000385
-0.000365
-0.000365
-0.000360
-0.000370
-0.000375
-0.000355
-0.000340
-0.000330
-0.000330
-0.000330
-0.000340
-0.000335
-0.000320
-0.000305
-0.000315
-0.000320
-0.000320
-0.000320
-0.000315
-0.000310
-0.000310
-0.000315
-0.000330
-0.000320
-0.000320
-0.000310
-0.000320
-0.000330
-0.000340
-0.000330
-0.000325
-0.000325
-0.000320
-0.000340
-0.000350
-0.000340
-0.000320
-0.000315
-0.000325
-0.000340
-0.000345
-0.000345
-0.000340
-0.000330
-0.000335
-0.000345
-0.000360
-0.000355
-0.000340
-0.000330
-0.000335
-0.000345
-0.000365
-0.000370
-0.000350
-0.000340
-0.000335
-0.000360
-0.000355
-0.000340
-0.000335
-0.000335
-0.000320
-0.000335
-0.000355
-0.000350
-0.000345
-0.000340
-0.000335
-0.000350
-0.000370
-0.000360
-0.000355
-0.000350
-0.000345
-0.000365
-0.000360
-0.000360
-0.000350
-0.000345
-0.000355
-0.000355
-0.000365
-0.000360
-0.000345
-0.000345
-0.000350
-0.000355
-0.000360
-0.000355
-0.000350
-0.000335
-0.000335
-0.000355
-0.000345
-0.000340
-0.000330
-0.000340
-0.000345
-0.000350
-0.000355
-0.000350
-0.000335
-0.000330
-0.000330
-0.000330
-0.000330
-0.000305
-0.000285
-0.000275
-0.000280
-0.000285
-0.000290
-0.000275
-0.000260
-0.000245
-0.000240
-0.000240
-0.000240
-0.000235
-0.000225
-0.000220
